3,1,575.82,83.78,62.65,198.60,1,-1,-1,-1
3,2,355.08,80.22,90.86,248.99,1,-1,-1,-1
3,3,183.61,93.43,79.95,226.73,1,-1,-1,-1
3,4,441.50,90.57,88.91,240.20,1,-1,-1,-1
3,5,84.55,100.55,64.68,219.23,1,-1,-1,-1
3,6,515.69,112.97,44.80,121.56,1,-1,-1,-1
4,1,575.07,85.04,62.48,197.48,1,-1,-1,-1
4,2,359.56,81.99,90.52,247.01,1,-1,-1,-1
4,3,190.98,91.92,80.06,227.77,1,-1,-1,-1
4,4,445.40,89.98,88.44,239.47,1,-1,-1,-1
4,5,76.07,102.47,65.04,217.84,1,-1,-1,-1
4,6,515.75,113.29,44.70,121.46,1,-1,-1,-1
4,8,180.47,95.07,37.72,158.71,1,-1,-1,-1
5,1,574.11,86.20,62.38,196.15,1,-1,-1,-1
5,2,363.28,83.52,90.48,245.65,1,-1,-1,-1
5,3,198.77,91.22,80.25,228.35,1,-1,-1,-1
5,4,449.06,89.63,87.08,236.29,1,-1,-1,-1
5,5,69.78,103.68,66.28,218.40,1,-1,-1,-1
5,6,515.48,113.72,44.17,120.12,1,-1,-1,-1
5,8,180.90,95.17,37.99,159.45,1,-1,-1,-1
6,1,572.28,87.02,62.58,195.26,1,-1,-1,-1
6,2,365.20,84.49,90.14,243.95,1,-1,-1,-1
6,3,204.45,90.76,80.55,229.01,1,-1,-1,-1
6,4,450.56,88.50,86.10,235.04,1,-1,-1,-1
6,5,64.94,104.40,67.55,218.28,1,-1,-1,-1
6,6,514.36,113.74,44.11,120.17,1,-1,-1,-1
6,8,181.21,95.32,38.33,160.38,1,-1,-1,-1
7,1,570.40,87.93,62.69,194.21,1,-1,-1,-1
7,2,367.61,85.35,90.00,242.53,1,-1,-1,-1
7,3,211.08,91.95,80.31,227.73,1,-1,-1,-1
7,4,454.13,86.81,86.24,236.14,1,-1,-1,-1
7,5,60.92,104.01,69.06,219.28,1,-1,-1,-1
7,6,514.19,113.78,43.92,120.17,1,-1,-1,-1
7,8,181.57,95.49,38.42,159.53,1,-1,-1,-1
8,1,567.09,88.86,62.85,193.11,1,-1,-1,-1
8,2,369.21,85.94,89.86,241.43,1,-1,-1,-1
8,3,216.87,93.74,80.08,225.78,1,-1,-1,-1
8,4,457.42,86.24,85.99,236.39,1,-1,-1,-1
8,5,56.51,103.55,70.02,220.03,1,-1,-1,-1
8,6,513.82,113.94,43.79,119.81,1,-1,-1,-1
8,8,181.89,95.39,38.45,158.27,1,-1,-1,-1
9,1,563.63,88.71,62.88,193.16,1,-1,-1,-1
9,2,371.40,85.32,90.09,241.46,1,-1,-1,-1
9,3,223.39,95.73,79.90,223.54,1,-1,-1,-1
9,4,460.24,86.71,85.31,236.10,1,-1,-1,-1
9,5,52.14,102.20,70.56,221.32,1,-1,-1,-1
9,8,181.84,95.32,38.72,158.17,1,-1,-1,-1
10,1,561.43,88.12,62.83,193.63,1,-1,-1,-1
10,2,372.33,84.07,90.89,243.46,1,-1,-1,-1
10,3,227.98,96.91,80.24,222.31,1,-1,-1,-1
10,4,463.58,87.10,84.79,236.18,1,-1,-1,-1
10,5,45.30,100.59,70.53,223.10,1,-1,-1,-1
10,8,181.47,95.66,38.74,157.03,1,-1,-1,-1
11,1,559.39,87.47,62.78,194.22,1,-1,-1,-1
11,2,373.89,82.85,90.92,243.97,1,-1,-1,-1
11,3,230.91,97.71,80.54,221.12,1,-1,-1,-1
11,4,469.56,87.45,84.50,235.72,1,-1,-1,-1
11,5,38.33,100.17,69.75,223.41,1,-1,-1,-1
11,8,180.80,95.87,39.01,156.72,1,-1,-1,-1
12,1,556.94,87.44,62.43,193.87,1,-1,-1,-1
12,2,375.86,81.61,89.80,241.24,1,-1,-1,-1
12,3,234.15,97.93,80.76,219.99,1,-1,-1,-1
12,4,473.25,89.21,84.38,234.07,1,-1,-1,-1
12,5,32.08,99.39,69.28,224.60,1,-1,-1,-1
12,8,180.56,95.93,39.35,156.65,1,-1,-1,-1
13,1,555.22,87.42,62.01,193.65,1,-1,-1,-1
13,2,377.67,80.15,89.82,241.70,1,-1,-1,-1
13,3,237.86,97.23,80.99,219.82,1,-1,-1,-1
13,4,477.90,90.09,84.66,233.79,1,-1,-1,-1
13,5,26.73,98.41,68.81,225.49,1,-1,-1,-1
13,8,180.27,95.65,39.87,157.45,1,-1,-1,-1
14,1,553.54,87.00,61.54,193.06,1,-1,-1,-1
14,2,381.28,79.90,89.55,241.14,1,-1,-1,-1
14,3,242.31,95.07,80.51,218.90,1,-1,-1,-1
14,4,482.01,91.37,84.37,231.73,1,-1,-1,-1
14,5,17.44,98.50,69.15,225.72,1,-1,-1,-1
14,8,179.69,95.74,40.12,157.08,1,-1,-1,-1
14,9,604.53,109.06,33.49,128.40,1,-1,-1,-1
15,1,549.33,87.65,61.49,191.82,1,-1,-1,-1
15,2,383.94,79.62,89.52,241.22,1,-1,-1,-1
15,3,244.92,92.51,80.32,219.44,1,-1,-1,-1
15,4,485.26,92.16,84.58,230.18,1,-1,-1,-1
15,5,8.82,98.16,70.56,226.66,1,-1,-1,-1
15,8,179.43,95.63,40.43,157.13,1,-1,-1,-1
15,9,603.39,109.06,34.04,129.90,1,-1,-1,-1
16,1,546.88,86.97,61.57,192.20,1,-1,-1,-1
16,2,386.91,80.02,89.34,241.06,1,-1,-1,-1
16,3,247.69,91.15,80.02,219.93,1,-1,-1,-1
16,4,486.06,93.05,84.69,229.07,1,-1,-1,-1
16,5,4.94,98.77,72.01,227.68,1,-1,-1,-1
16,8,178.94,95.46,40.78,157.23,1,-1,-1,-1
16,9,601.82,108.49,34.57,130.88,1,-1,-1,-1
17,1,545.17,86.99,61.39,191.24,1,-1,-1,-1
17,2,390.04,80.93,88.87,240.09,1,-1,-1,-1
17,3,249.97,90.69,79.38,219.70,1,-1,-1,-1
17,4,486.23,92.96,84.61,228.36,1,-1,-1,-1
17,5,3.40,100.19,72.81,226.66,1,-1,-1,-1
17,8,178.80,95.20,41.04,157.63,1,-1,-1,-1
17,9,600.60,108.20,35.06,130.95,1,-1,-1,-1
18,1,546.47,87.78,60.68,190.74,1,-1,-1,-1
18,2,393.56,81.78,88.71,239.11,1,-1,-1,-1
18,3,252.25,90.63,78.67,219.77,1,-1,-1,-1
18,4,486.79,92.20,84.69,228.53,1,-1,-1,-1
18,5,2.69,101.62,73.58,225.80,1,-1,-1,-1
18,8,178.52,95.27,41.12,157.41,1,-1,-1,-1
18,9,598.63,108.27,35.75,131.32,1,-1,-1,-1
19,1,546.77,88.38,60.26,192.13,1,-1,-1,-1
19,2,398.20,83.06,88.66,237.57,1,-1,-1,-1
19,3,256.12,91.06,77.96,219.30,1,-1,-1,-1
19,4,489.07,90.54,84.83,229.45,1,-1,-1,-1
19,5,2.13,102.73,74.13,224.80,1,-1,-1,-1
19,8,178.21,95.17,41.27,157.60,1,-1,-1,-1
19,9,596.56,107.42,36.78,132.99,1,-1,-1,-1
20,1,547.43,89.04,59.35,192.20,1,-1,-1,-1
20,2,402.94,84.21,88.61,236.03,1,-1,-1,-1
20,3,261.14,92.58,77.75,217.77,1,-1,-1,-1
20,4,493.25,89.63,84.72,229.45,1,-1,-1,-1
20,5,1.03,103.01,74.61,224.62,1,-1,-1,-1
20,8,177.95,94.81,41.42,157.93,1,-1,-1,-1
20,9,593.66,108.15,37.01,132.53,1,-1,-1,-1
21,1,550.84,101.07,53.93,179.09,1,-1,-1,-1
21,2,406.19,85.35,88.64,234.51,1,-1,-1,-1
21,3,267.05,95.14,77.36,215.45,1,-1,-1,-1
21,4,499.12,88.49,84.09,228.41,1,-1,-1,-1
21,5,-0.77,103.00,74.57,224.41,1,-1,-1,-1
21,8,177.59,94.71,41.54,157.91,1,-1,-1,-1
21,9,594.25,109.16,37.76,131.54,1,-1,-1,-1
22,1,549.92,102.67,53.42,177.42,1,-1,-1,-1
22,2,409.00,86.52,88.42,233.13,1,-1,-1,-1
22,3,270.84,97.03,76.77,213.33,1,-1,-1,-1
22,4,504.15,87.21,83.56,228.59,1,-1,-1,-1
22,5,-4.74,98.55,74.65,227.91,1,-1,-1,-1
22,8,177.86,94.83,41.54,157.63,1,-1,-1,-1
22,9,593.27,109.48,38.54,131.32,1,-1,-1,-1
23,2,409.53,86.42,88.20,233.09,1,-1,-1,-1
23,3,272.64,98.15,76.33,212.00,1,-1,-1,-1
23,4,508.03,86.49,83.74,229.14,1,-1,-1,-1
23,5,-10.23,86.23,75.37,237.46,1,-1,-1,-1
23,8,177.79,94.37,41.76,158.23,1,-1,-1,-1
23,9,591.50,109.73,39.56,131.01,1,-1,-1,-1
23,11,477.18,113.35,39.22,32.74,1,-1,-1,-1
24,2,413.36,86.30,88.90,233.16,1,-1,-1,-1
24,3,274.34,98.19,75.93,211.14,1,-1,-1,-1
24,4,510.01,86.76,83.45,228.49,1,-1,-1,-1
24,5,-15.75,78.89,74.11,244.81,1,-1,-1,-1
24,8,177.80,94.12,41.82,158.38,1,-1,-1,-1
24,9,590.40,109.67,40.44,130.71,1,-1,-1,-1
24,11,478.03,112.33,40.88,34.36,1,-1,-1,-1
25,2,416.54,86.19,89.37,232.64,1,-1,-1,-1
25,3,276.95,98.28,75.56,209.99,1,-1,-1,-1
25,4,508.60,86.40,84.51,228.90,1,-1,-1,-1
25,5,-21.39,76.24,70.46,248.79,1,-1,-1,-1
25,8,177.61,93.92,41.88,158.63,1,-1,-1,-1
25,9,590.66,109.62,41.34,130.56,1,-1,-1,-1
25,11,479.25,112.06,40.88,34.74,1,-1,-1,-1
26,2,420.22,84.96,89.89,232.18,1,-1,-1,-1
26,3,280.24,98.37,74.47,207.55,1,-1,-1,-1
26,4,509.05,87.22,85.67,228.06,1,-1,-1,-1
26,5,-19.57,73.82,67.34,250.29,1,-1,-1,-1
26,8,177.57,93.85,41.90,158.69,1,-1,-1,-1
26,9,589.94,109.48,41.87,130.79,1,-1,-1,-1
26,11,480.59,112.18,39.22,33.95,1,-1,-1,-1
27,1,501.60,95.03,54.49,187.12,1,-1,-1,-1
27,2,424.47,83.28,90.06,231.00,1,-1,-1,-1
27,3,286.10,97.18,73.82,206.67,1,-1,-1,-1
27,4,511.26,88.98,86.22,226.51,1,-1,-1,-1
27,5,-23.80,71.56,67.93,252.49,1,-1,-1,-1
27,8,177.59,93.94,41.98,159.28,1,-1,-1,-1
27,9,589.34,108.77,42.60,131.48,1,-1,-1,-1
27,11,480.08,112.51,37.86,33.43,1,-1,-1,-1
28,1,496.00,93.71,53.79,187.03,1,-1,-1,-1
28,2,428.95,82.04,90.31,230.72,1,-1,-1,-1
28,3,292.92,94.94,73.84,208.14,1,-1,-1,-1
28,4,518.60,90.37,84.87,224.78,1,-1,-1,-1
28,8,177.36,94.19,41.85,158.91,1,-1,-1,-1
28,9,588.21,107.97,43.32,132.71,1,-1,-1,-1
28,11,480.22,112.25,38.16,33.70,1,-1,-1,-1
29,1,495.85,93.89,52.06,186.76,1,-1,-1,-1
29,2,433.00,81.37,90.54,230.88,1,-1,-1,-1
29,3,299.89,94.41,73.52,208.01,1,-1,-1,-1
29,4,523.60,90.60,84.74,224.02,1,-1,-1,-1
29,8,177.28,94.42,41.74,158.36,1,-1,-1,-1
29,9,589.28,107.53,44.55,134.50,1,-1,-1,-1
30,1,496.92,93.34,51.23,187.82,1,-1,-1,-1
30,2,436.00,81.25,90.74,230.73,1,-1,-1,-1
30,3,305.57,93.79,73.60,208.17,1,-1,-1,-1
30,4,527.80,92.33,84.02,222.33,1,-1,-1,-1
30,8,177.13,94.28,41.77,158.40,1,-1,-1,-1
30,9,590.02,107.44,45.02,134.33,1,-1,-1,-1
31,1,501.45,93.52,51.75,187.06,1,-1,-1,-1
31,2,438.24,81.42,90.82,230.54,1,-1,-1,-1
31,3,310.42,93.31,74.04,208.69,1,-1,-1,-1
31,4,531.76,93.36,83.82,221.65,1,-1,-1,-1
31,8,177.13,94.66,41.69,158.18,1,-1,-1,-1
31,9,590.17,107.29,45.61,134.73,1,-1,-1,-1
32,1,503.64,93.43,52.88,187.22,1,-1,-1,-1
32,2,441.16,82.24,90.90,230.13,1,-1,-1,-1
32,3,315.01,93.69,73.96,208.35,1,-1,-1,-1
32,4,534.93,93.32,83.29,221.44,1,-1,-1,-1
32,8,176.82,94.83,41.67,157.90,1,-1,-1,-1
32,9,590.78,106.14,45.95,134.81,1,-1,-1,-1
33,1,502.48,91.93,53.47,186.74,1,-1,-1,-1
33,2,444.09,83.07,90.77,229.34,1,-1,-1,-1
33,3,319.89,95.46,73.53,206.80,1,-1,-1,-1
33,4,537.83,91.89,82.76,221.85,1,-1,-1,-1
33,8,176.73,94.78,41.73,157.95,1,-1,-1,-1
33,9,590.64,105.88,46.08,135.19,1,-1,-1,-1
34,1,499.58,91.51,53.35,186.08,1,-1,-1,-1
34,2,446.45,84.65,90.24,228.07,1,-1,-1,-1
34,3,323.88,97.19,73.29,204.77,1,-1,-1,-1
34,4,541.05,91.72,81.84,221.62,1,-1,-1,-1
34,8,176.73,94.96,41.70,157.67,1,-1,-1,-1
35,1,498.76,97.08,51.40,181.26,1,-1,-1,-1
35,2,449.00,86.46,89.36,225.90,1,-1,-1,-1
35,3,326.54,98.88,73.30,202.67,1,-1,-1,-1
35,4,544.82,90.48,80.94,221.24,1,-1,-1,-1
35,8,176.77,95.17,41.73,157.60,1,-1,-1,-1
36,1,496.70,94.41,51.37,183.48,1,-1,-1,-1
36,2,451.60,88.59,88.51,223.82,1,-1,-1,-1
36,3,328.19,98.78,73.85,202.61,1,-1,-1,-1
36,4,547.84,89.03,79.87,220.77,1,-1,-1,-1
36,8,176.46,94.98,41.89,157.72,1,-1,-1,-1
37,1,494.42,94.50,51.28,183.17,1,-1,-1,-1
37,2,454.87,89.91,88.11,222.42,1,-1,-1,-1
37,3,331.19,98.53,74.31,202.40,1,-1,-1,-1
37,4,551.37,88.13,78.98,220.04,1,-1,-1,-1
37,8,176.62,95.49,41.77,157.12,1,-1,-1,-1
38,2,457.83,90.61,87.88,221.23,1,-1,-1,-1
38,3,335.51,98.29,74.24,202.12,1,-1,-1,-1
38,4,555.99,87.75,78.90,220.21,1,-1,-1,-1
38,8,176.40,95.39,41.85,157.13,1,-1,-1,-1
39,2,460.28,89.56,88.24,221.96,1,-1,-1,-1
39,3,340.26,97.12,73.55,201.19,1,-1,-1,-1
39,4,558.44,87.78,78.31,220.25,1,-1,-1,-1
39,8,176.23,95.54,42.10,157.89,1,-1,-1,-1
40,2,462.38,88.27,88.31,222.45,1,-1,-1,-1
40,3,344.40,95.27,73.27,201.46,1,-1,-1,-1
40,4,560.55,88.02,77.53,219.84,1,-1,-1,-1
40,8,176.03,95.66,42.08,157.40,1,-1,-1,-1
40,13,445.34,109.52,27.50,112.84,1,-1,-1,-1
41,2,464.96,87.27,87.59,220.82,1,-1,-1,-1
41,3,347.01,94.09,72.95,201.83,1,-1,-1,-1
41,4,563.78,88.87,76.85,219.07,1,-1,-1,-1
41,8,176.03,95.28,42.17,157.54,1,-1,-1,-1
41,13,444.78,109.47,27.87,114.58,1,-1,-1,-1
42,2,467.53,85.84,87.46,220.64,1,-1,-1,-1
42,3,348.14,93.45,72.74,202.41,1,-1,-1,-1
42,4,565.94,89.73,76.17,218.20,1,-1,-1,-1
42,8,175.82,94.64,42.37,158.28,1,-1,-1,-1
42,13,443.13,108.86,30.49,126.17,1,-1,-1,-1
43,2,467.70,84.61,87.71,220.98,1,-1,-1,-1
43,3,350.96,93.12,72.03,202.22,1,-1,-1,-1
43,4,568.48,90.99,75.08,217.01,1,-1,-1,-1
43,8,175.50,94.68,42.43,158.09,1,-1,-1,-1
43,13,442.02,109.27,31.28,130.25,1,-1,-1,-1
44,1,456.21,103.06,46.72,171.85,1,-1,-1,-1
44,2,469.27,84.34,87.82,219.53,1,-1,-1,-1
44,3,355.25,93.51,71.41,201.70,1,-1,-1,-1
44,4,570.94,92.53,73.68,215.49,1,-1,-1,-1
44,8,175.40,94.52,42.52,158.17,1,-1,-1,-1
44,13,440.97,110.72,30.82,128.84,1,-1,-1,-1
45,1,455.58,97.50,47.30,178.79,1,-1,-1,-1
45,2,471.69,84.65,88.64,220.24,1,-1,-1,-1
45,3,361.48,94.80,71.13,200.21,1,-1,-1,-1
45,4,572.78,93.73,72.32,214.24,1,-1,-1,-1
45,8,175.34,94.10,42.64,158.66,1,-1,-1,-1
45,13,439.35,111.23,30.71,128.75,1,-1,-1,-1
46,1,453.92,94.52,47.09,181.51,1,-1,-1,-1
46,2,478.49,85.21,88.23,220.42,1,-1,-1,-1
46,3,366.72,96.37,70.98,198.66,1,-1,-1,-1
46,4,574.18,93.30,71.18,213.96,1,-1,-1,-1
46,8,175.29,94.16,42.63,158.66,1,-1,-1,-1
46,13,437.71,111.80,30.49,128.51,1,-1,-1,-1
47,1,453.21,93.50,46.78,182.32,1,-1,-1,-1
47,2,485.00,85.80,87.86,219.34,1,-1,-1,-1
47,3,370.89,98.55,70.56,196.24,1,-1,-1,-1
47,4,575.35,93.52,70.02,213.52,1,-1,-1,-1
47,8,175.35,94.19,42.62,158.51,1,-1,-1,-1
47,13,435.87,111.67,30.32,128.70,1,-1,-1,-1
48,1,452.79,92.69,46.85,183.30,1,-1,-1,-1
48,2,490.68,86.89,88.30,218.35,1,-1,-1,-1
48,3,372.56,99.94,70.28,194.87,1,-1,-1,-1
48,4,576.81,92.82,69.07,214.26,1,-1,-1,-1
48,8,175.17,94.35,42.74,159.10,1,-1,-1,-1
48,13,434.47,111.49,30.36,129.46,1,-1,-1,-1
49,1,451.75,92.54,47.00,183.14,1,-1,-1,-1
49,2,495.36,87.52,88.65,217.58,1,-1,-1,-1
49,3,374.02,100.10,70.19,194.43,1,-1,-1,-1
49,4,578.81,91.65,67.89,215.02,1,-1,-1,-1
49,8,175.16,94.31,42.83,159.47,1,-1,-1,-1
49,13,432.53,111.68,30.37,129.25,1,-1,-1,-1
50,1,449.87,91.11,47.62,183.94,1,-1,-1,-1
50,2,498.34,88.90,88.68,215.78,1,-1,-1,-1
50,3,375.80,100.11,69.79,193.63,1,-1,-1,-1
50,4,580.83,90.56,66.21,214.27,1,-1,-1,-1
50,8,175.28,93.95,42.75,159.29,1,-1,-1,-1
50,13,431.72,112.06,29.32,126.55,1,-1,-1,-1
51,1,448.05,91.44,48.39,183.53,1,-1,-1,-1
51,2,499.93,89.55,88.82,214.80,1,-1,-1,-1
51,3,378.47,99.35,69.57,193.35,1,-1,-1,-1
51,4,582.96,89.69,64.52,213.94,1,-1,-1,-1
51,8,175.26,93.94,42.62,158.77,1,-1,-1,-1
51,13,430.44,112.28,29.51,127.38,1,-1,-1,-1
52,1,445.68,92.07,48.92,181.68,1,-1,-1,-1
52,2,500.96,89.95,89.06,214.20,1,-1,-1,-1
52,3,383.94,98.13,69.43,193.38,1,-1,-1,-1
52,4,584.56,89.00,63.01,214.14,1,-1,-1,-1
52,8,175.25,93.92,42.56,158.69,1,-1,-1,-1
53,1,445.56,92.42,49.04,180.83,1,-1,-1,-1
53,2,504.92,89.27,90.47,214.48,1,-1,-1,-1
53,3,390.01,96.73,69.12,193.95,1,-1,-1,-1
53,4,585.64,88.61,61.43,213.55,1,-1,-1,-1
53,8,175.22,93.95,42.54,158.62,1,-1,-1,-1
54,1,445.22,92.55,49.35,182.18,1,-1,-1,-1
54,2,507.45,88.81,91.53,214.91,1,-1,-1,-1
54,3,396.77,95.47,68.87,194.72,1,-1,-1,-1
54,4,586.23,88.26,60.22,213.78,1,-1,-1,-1
54,8,175.20,93.96,42.54,158.73,1,-1,-1,-1
55,1,445.28,92.66,48.82,181.99,1,-1,-1,-1
55,2,509.11,88.05,91.96,214.82,1,-1,-1,-1
55,3,402.01,94.50,68.47,194.52,1,-1,-1,-1
55,4,587.53,89.23,58.63,212.66,1,-1,-1,-1
55,8,175.20,93.89,42.49,158.58,1,-1,-1,-1
56,1,444.42,93.52,47.97,180.32,1,-1,-1,-1
56,2,512.22,87.67,91.36,213.49,1,-1,-1,-1
56,3,406.18,94.05,68.06,193.60,1,-1,-1,-1
56,4,588.56,90.41,57.10,211.29,1,-1,-1,-1
56,8,175.23,93.63,42.60,159.06,1,-1,-1,-1
57,1,442.50,94.54,47.38,178.61,1,-1,-1,-1
57,2,516.73,87.67,90.68,212.55,1,-1,-1,-1
57,3,410.39,94.28,68.03,193.87,1,-1,-1,-1
57,4,594.66,93.17,54.02,208.21,1,-1,-1,-1
57,8,174.96,93.78,42.57,158.86,1,-1,-1,-1
58,1,445.06,95.55,45.81,177.93,1,-1,-1,-1
58,2,521.41,86.42,90.39,213.52,1,-1,-1,-1
58,3,414.13,94.94,68.30,193.94,1,-1,-1,-1
58,4,598.49,100.26,50.07,200.06,1,-1,-1,-1
58,8,174.95,93.99,42.49,158.43,1,-1,-1,-1
59,1,443.73,95.73,45.72,177.56,1,-1,-1,-1
59,2,525.02,85.57,90.12,214.20,1,-1,-1,-1
59,3,416.40,96.13,68.27,192.36,1,-1,-1,-1
59,4,602.12,102.73,47.14,196.50,1,-1,-1,-1
59,8,174.95,93.98,42.53,158.57,1,-1,-1,-1
59,16,588.93,107.09,30.38,133.70,1,-1,-1,-1
60,2,527.53,85.74,89.15,213.86,1,-1,-1,-1
60,3,419.38,96.84,68.27,191.75,1,-1,-1,-1
60,4,604.53,110.95,43.41,187.40,1,-1,-1,-1
60,8,174.91,93.83,42.64,158.73,1,-1,-1,-1
60,16,589.00,106.99,30.28,133.26,1,-1,-1,-1
61,1,407.42,98.19,45.78,175.96,1,-1,-1,-1
61,2,529.26,86.03,88.00,213.63,1,-1,-1,-1
61,3,422.53,99.23,67.74,189.23,1,-1,-1,-1
61,4,607.45,114.83,40.42,181.76,1,-1,-1,-1
61,8,174.90,94.06,42.69,158.40,1,-1,-1,-1
62,1,400.82,97.50,46.16,175.64,1,-1,-1,-1
62,2,532.34,86.74,86.81,212.92,1,-1,-1,-1
62,3,426.79,100.15,67.55,187.39,1,-1,-1,-1
62,4,612.23,116.72,33.87,157.61,1,-1,-1,-1
62,8,175.04,94.14,42.88,158.43,1,-1,-1,-1
63,1,398.92,96.59,46.97,176.19,1,-1,-1,-1
63,2,536.58,88.55,85.58,210.68,1,-1,-1,-1
63,3,431.25,99.62,67.67,187.19,1,-1,-1,-1
63,4,614.23,117.77,31.33,151.05,1,-1,-1,-1
63,8,174.98,94.04,43.12,158.69,1,-1,-1,-1
64,1,398.82,95.16,47.65,177.45,1,-1,-1,-1
64,2,540.21,89.24,84.86,209.77,1,-1,-1,-1
64,3,434.72,98.61,67.91,187.04,1,-1,-1,-1
64,4,615.92,116.25,30.22,152.19,1,-1,-1,-1
64,8,175.08,94.15,43.26,158.57,1,-1,-1,-1
65,1,401.18,93.74,49.50,179.06,1,-1,-1,-1
65,2,543.64,89.74,84.08,208.76,1,-1,-1,-1
65,3,437.57,97.49,67.87,186.92,1,-1,-1,-1
65,4,617.36,116.52,28.76,151.30,1,-1,-1,-1
65,8,175.21,94.21,43.52,158.72,1,-1,-1,-1
66,1,401.28,93.15,50.66,179.01,1,-1,-1,-1
66,2,547.57,89.92,83.70,208.29,1,-1,-1,-1
66,3,439.71,95.84,67.71,186.49,1,-1,-1,-1
66,4,617.48,117.69,27.61,150.31,1,-1,-1,-1
66,8,175.40,94.24,43.67,158.50,1,-1,-1,-1
67,1,399.39,92.86,51.86,179.62,1,-1,-1,-1
67,2,550.21,90.48,83.01,207.25,1,-1,-1,-1
67,3,441.55,94.88,67.66,187.06,1,-1,-1,-1
67,4,617.45,111.55,27.76,157.06,1,-1,-1,-1
67,8,175.49,94.77,43.84,158.30,1,-1,-1,-1
68,1,395.76,92.60,52.46,179.28,1,-1,-1,-1
68,2,550.73,90.49,82.32,207.58,1,-1,-1,-1
68,3,443.35,94.19,67.84,189.10,1,-1,-1,-1
68,4,617.62,118.15,26.01,150.53,1,-1,-1,-1
68,8,175.36,94.43,44.21,158.81,1,-1,-1,-1
69,1,393.33,92.55,53.02,179.07,1,-1,-1,-1
69,2,553.29,89.85,81.83,207.66,1,-1,-1,-1
69,3,445.28,94.33,67.50,188.54,1,-1,-1,-1
69,4,617.94,112.18,26.12,156.41,1,-1,-1,-1
69,8,175.59,94.54,44.28,158.37,1,-1,-1,-1
70,1,391.11,92.59,53.54,178.74,1,-1,-1,-1
70,2,555.35,88.17,81.28,207.75,1,-1,-1,-1
70,3,448.44,93.83,67.87,189.86,1,-1,-1,-1
70,4,616.40,110.00,26.13,158.65,1,-1,-1,-1
70,8,176.00,94.36,44.39,158.25,1,-1,-1,-1
71,1,388.47,92.64,53.93,178.90,1,-1,-1,-1
71,2,558.79,87.33,80.90,207.30,1,-1,-1,-1
71,3,451.90,94.18,67.86,189.93,1,-1,-1,-1
71,4,616.35,109.34,25.74,158.87,1,-1,-1,-1
71,8,176.16,93.83,44.78,158.97,1,-1,-1,-1
72,1,386.42,93.22,54.21,178.67,1,-1,-1,-1
72,2,561.34,85.93,80.62,207.88,1,-1,-1,-1
72,3,455.10,95.09,67.28,188.70,1,-1,-1,-1
72,4,617.96,108.85,24.45,154.61,1,-1,-1,-1
72,8,176.36,93.59,45.16,159.55,1,-1,-1,-1
73,1,384.21,93.99,54.37,178.42,1,-1,-1,-1
73,2,563.40,85.19,80.02,208.14,1,-1,-1,-1
73,3,457.38,96.60,65.98,186.65,1,-1,-1,-1
73,4,618.47,108.68,24.21,153.11,1,-1,-1,-1
73,8,176.39,93.59,45.59,159.62,1,-1,-1,-1
74,1,381.91,95.01,54.13,177.46,1,-1,-1,-1
74,2,565.68,85.85,78.83,207.41,1,-1,-1,-1
74,3,460.00,97.36,65.35,185.79,1,-1,-1,-1
74,8,176.84,93.96,45.95,159.37,1,-1,-1,-1
75,1,379.97,96.37,54.06,175.49,1,-1,-1,-1
75,2,568.27,88.21,76.93,205.09,1,-1,-1,-1
75,3,463.26,97.21,64.99,185.57,1,-1,-1,-1
75,8,177.43,94.13,46.63,159.14,1,-1,-1,-1
75,13,558.84,111.14,29.18,131.44,1,-1,-1,-1
76,1,377.11,96.32,54.55,175.27,1,-1,-1,-1
76,2,567.89,88.92,76.09,204.27,1,-1,-1,-1
76,3,465.91,97.28,64.77,184.55,1,-1,-1,-1
76,8,177.57,94.01,47.40,159.16,1,-1,-1,-1
76,13,562.91,110.90,27.92,131.55,1,-1,-1,-1
77,1,373.13,96.63,54.60,174.65,1,-1,-1,-1
77,2,569.71,88.80,75.00,203.96,1,-1,-1,-1
77,3,468.51,97.29,64.72,183.30,1,-1,-1,-1
77,8,178.07,94.06,48.07,159.21,1,-1,-1,-1
77,13,563.14,110.13,28.07,132.85,1,-1,-1,-1
78,1,369.61,97.40,54.57,173.35,1,-1,-1,-1
78,2,574.03,89.35,73.19,203.75,1,-1,-1,-1
78,3,472.07,96.15,65.13,183.01,1,-1,-1,-1
78,8,178.19,94.01,48.67,159.35,1,-1,-1,-1
78,13,562.09,109.28,30.70,144.24,1,-1,-1,-1
79,1,367.53,98.85,54.35,171.82,1,-1,-1,-1
79,2,576.24,90.47,71.20,202.42,1,-1,-1,-1
79,3,476.62,96.33,65.14,181.99,1,-1,-1,-1
79,8,178.49,94.28,49.25,159.22,1,-1,-1,-1
79,13,560.66,108.79,33.45,154.76,1,-1,-1,-1
79,19,405.87,107.95,36.22,131.61,1,-1,-1,-1
80,1,365.79,97.22,54.76,173.39,1,-1,-1,-1
80,2,578.63,91.59,68.98,200.58,1,-1,-1,-1
80,3,480.21,95.36,65.57,183.46,1,-1,-1,-1
80,8,179.09,94.78,49.64,158.88,1,-1,-1,-1
80,13,563.60,105.43,35.42,162.54,1,-1,-1,-1
80,19,405.79,108.20,36.26,131.62,1,-1,-1,-1
81,1,364.06,95.96,54.83,174.52,1,-1,-1,-1
81,2,580.21,91.35,67.52,200.97,1,-1,-1,-1
81,3,483.46,94.61,66.14,184.66,1,-1,-1,-1
81,8,179.70,94.84,50.10,158.70,1,-1,-1,-1
81,13,567.90,110.05,35.90,159.40,1,-1,-1,-1
81,19,405.60,108.64,36.45,132.00,1,-1,-1,-1
82,1,362.71,95.51,54.34,173.32,1,-1,-1,-1
82,2,581.86,89.83,66.38,202.80,1,-1,-1,-1
82,3,488.08,95.32,65.86,183.39,1,-1,-1,-1
82,8,180.58,95.22,50.57,158.14,1,-1,-1,-1
82,13,567.42,113.14,37.13,157.51,1,-1,-1,-1
82,19,404.63,108.67,36.78,132.54,1,-1,-1,-1
82,20,548.80,109.22,39.55,98.49,1,-1,-1,-1
83,1,360.62,94.75,54.29,173.03,1,-1,-1,-1
83,2,583.59,88.35,64.80,203.30,1,-1,-1,-1
83,3,492.53,96.63,65.45,181.67,1,-1,-1,-1
83,8,180.90,95.45,51.14,157.96,1,-1,-1,-1
83,13,567.40,113.86,39.07,158.12,1,-1,-1,-1
83,19,403.72,108.44,36.87,131.78,1,-1,-1,-1
83,20,547.71,109.33,39.58,98.55,1,-1,-1,-1
84,1,359.34,94.06,54.11,172.61,1,-1,-1,-1
84,2,585.73,88.27,62.74,202.43,1,-1,-1,-1
84,3,496.10,97.73,65.29,180.27,1,-1,-1,-1
84,8,181.19,95.93,51.61,157.67,1,-1,-1,-1
84,13,566.13,113.71,40.64,158.60,1,-1,-1,-1
84,19,402.56,108.32,37.41,132.47,1,-1,-1,-1
85,1,357.86,93.70,53.94,171.92,1,-1,-1,-1
85,2,591.68,98.53,56.53,188.03,1,-1,-1,-1
85,3,497.87,99.13,65.15,178.29,1,-1,-1,-1
85,8,181.69,96.72,51.96,156.99,1,-1,-1,-1
85,13,564.82,112.88,42.05,158.88,1,-1,-1,-1
85,19,402.07,107.91,38.04,133.06,1,-1,-1,-1
86,1,356.07,93.61,54.12,172.21,1,-1,-1,-1
86,2,597.08,102.80,52.30,181.06,1,-1,-1,-1
86,3,499.75,99.99,65.64,177.40,1,-1,-1,-1
86,8,182.27,97.10,52.40,156.72,1,-1,-1,-1
86,13,563.97,111.94,43.31,159.84,1,-1,-1,-1
86,19,401.59,107.69,38.58,133.17,1,-1,-1,-1
87,1,354.08,93.27,54.57,173.01,1,-1,-1,-1
87,2,601.28,103.88,49.30,178.85,1,-1,-1,-1
87,3,500.99,100.98,66.34,176.44,1,-1,-1,-1
87,8,182.65,97.04,53.06,157.09,1,-1,-1,-1
87,13,561.27,112.10,43.36,158.89,1,-1,-1,-1
87,19,401.86,107.49,39.12,133.46,1,-1,-1,-1
88,1,351.61,92.93,55.21,174.60,1,-1,-1,-1
88,2,603.61,105.28,48.62,176.41,1,-1,-1,-1
88,3,502.31,101.66,67.13,175.81,1,-1,-1,-1
88,4,615.34,103.50,26.92,178.39,1,-1,-1,-1
88,8,182.99,96.73,53.64,157.34,1,-1,-1,-1
88,13,559.12,111.44,43.86,159.50,1,-1,-1,-1
88,19,401.33,107.21,39.64,133.79,1,-1,-1,-1
89,1,348.17,92.57,55.94,174.44,1,-1,-1,-1
89,3,505.42,101.07,67.70,176.11,1,-1,-1,-1
89,4,616.89,105.04,25.30,175.34,1,-1,-1,-1
89,8,183.12,96.66,54.10,157.02,1,-1,-1,-1
89,13,557.15,110.92,44.47,160.41,1,-1,-1,-1
89,19,400.31,107.14,40.15,133.95,1,-1,-1,-1
90,1,342.79,93.19,56.96,173.31,1,-1,-1,-1
90,3,509.11,100.31,67.92,176.98,1,-1,-1,-1
90,4,620.81,106.85,19.08,127.29,1,-1,-1,-1
90,8,183.31,95.79,54.72,157.14,1,-1,-1,-1
90,13,555.25,112.09,43.34,159.17,1,-1,-1,-1
90,19,399.52,107.47,40.59,133.74,1,-1,-1,-1
91,1,337.80,93.77,58.29,172.44,1,-1,-1,-1
91,3,515.35,99.28,67.49,176.65,1,-1,-1,-1
91,4,623.79,109.92,15.23,98.78,1,-1,-1,-1
91,8,184.49,95.54,55.10,157.66,1,-1,-1,-1
91,13,555.50,112.42,42.06,158.81,1,-1,-1,-1
91,19,398.33,107.56,41.01,133.56,1,-1,-1,-1
92,1,334.13,94.61,59.66,171.82,1,-1,-1,-1
92,3,520.71,97.92,67.30,177.08,1,-1,-1,-1
92,4,624.79,113.96,13.59,84.75,1,-1,-1,-1
92,8,185.12,95.46,55.37,157.86,1,-1,-1,-1
92,13,555.81,112.48,42.28,159.66,1,-1,-1,-1
92,19,397.14,107.51,41.49,133.22,1,-1,-1,-1
93,1,330.62,95.74,60.90,170.72,1,-1,-1,-1
93,3,524.50,97.96,67.34,175.28,1,-1,-1,-1
93,4,625.60,114.97,12.35,77.03,1,-1,-1,-1
93,8,185.93,95.37,55.70,158.05,1,-1,-1,-1
93,19,395.52,107.43,42.25,133.26,1,-1,-1,-1
94,1,327.53,95.57,62.20,170.59,1,-1,-1,-1
94,3,526.78,98.28,67.28,176.17,1,-1,-1,-1
94,8,186.35,94.65,55.92,157.86,1,-1,-1,-1
94,19,394.06,107.43,43.24,133.27,1,-1,-1,-1
95,1,327.22,97.07,62.52,169.22,1,-1,-1,-1
95,3,527.34,98.27,67.79,176.41,1,-1,-1,-1
95,8,186.72,94.65,56.24,158.04,1,-1,-1,-1
95,19,391.21,107.53,44.48,133.29,1,-1,-1,-1
96,1,326.61,97.46,62.89,168.64,1,-1,-1,-1
96,3,529.97,98.94,68.27,174.55,1,-1,-1,-1
96,8,186.85,94.61,56.43,157.88,1,-1,-1,-1
96,19,391.56,107.54,45.34,133.92,1,-1,-1,-1
97,1,325.03,97.80,63.20,168.01,1,-1,-1,-1
97,3,538.01,100.36,68.63,173.32,1,-1,-1,-1
97,8,186.97,94.53,56.45,157.08,1,-1,-1,-1
97,13,518.37,110.14,42.46,156.44,1,-1,-1,-1
97,19,392.04,107.74,46.01,133.78,1,-1,-1,-1
98,1,323.24,97.09,63.86,168.77,1,-1,-1,-1
98,3,544.44,100.90,69.50,173.32,1,-1,-1,-1
98,8,186.86,94.32,56.65,156.97,1,-1,-1,-1
98,13,513.79,112.75,41.85,153.36,1,-1,-1,-1
98,19,391.01,107.91,47.03,134.18,1,-1,-1,-1
99,1,322.67,96.18,64.06,169.08,1,-1,-1,-1
99,3,548.71,102.32,69.28,171.04,1,-1,-1,-1
99,8,186.84,94.21,56.79,156.71,1,-1,-1,-1
99,13,511.66,113.62,42.25,152.77,1,-1,-1,-1
99,19,390.05,108.09,47.89,134.33,1,-1,-1,-1
100,1,321.26,95.75,64.00,169.12,1,-1,-1,-1
100,3,549.65,103.41,69.32,170.01,1,-1,-1,-1
100,8,186.82,94.44,56.93,156.44,1,-1,-1,-1
100,13,509.66,113.46,42.99,152.59,1,-1,-1,-1
100,19,389.38,108.00,48.63,134.31,1,-1,-1,-1
101,1,319.86,94.67,64.22,170.22,1,-1,-1,-1
101,3,551.10,103.20,69.55,170.61,1,-1,-1,-1
101,8,186.92,94.91,56.94,155.85,1,-1,-1,-1
101,13,506.81,112.85,43.73,152.86,1,-1,-1,-1
101,19,388.73,107.44,49.40,134.69,1,-1,-1,-1
102,1,317.87,94.08,63.90,170.12,1,-1,-1,-1
102,3,552.34,101.99,69.46,171.10,1,-1,-1,-1
102,8,186.83,95.22,57.11,155.83,1,-1,-1,-1
102,13,503.84,112.08,44.40,153.93,1,-1,-1,-1
102,19,388.18,107.19,50.09,134.79,1,-1,-1,-1
103,1,315.48,93.82,63.44,169.52,1,-1,-1,-1
103,3,554.84,101.47,68.37,169.89,1,-1,-1,-1
103,8,186.58,95.11,57.37,156.02,1,-1,-1,-1
103,13,500.94,111.72,44.92,154.45,1,-1,-1,-1
103,19,388.13,106.82,50.71,135.22,1,-1,-1,-1
103,23,541.71,110.13,25.60,138.20,1,-1,-1,-1
104,1,313.11,94.15,62.97,169.04,1,-1,-1,-1
104,3,559.45,100.12,67.34,169.78,1,-1,-1,-1
104,8,186.12,95.14,57.59,156.27,1,-1,-1,-1
104,13,496.92,111.44,45.39,154.82,1,-1,-1,-1
104,19,386.13,106.43,51.64,135.77,1,-1,-1,-1
104,23,541.35,110.24,25.83,136.30,1,-1,-1,-1
105,1,311.33,93.80,62.41,168.51,1,-1,-1,-1
105,3,564.47,100.01,66.56,169.87,1,-1,-1,-1
105,8,185.80,95.16,57.68,155.98,1,-1,-1,-1
105,13,491.49,110.86,46.58,155.46,1,-1,-1,-1
105,19,385.36,106.06,52.31,135.97,1,-1,-1,-1
105,23,540.92,109.69,26.90,137.39,1,-1,-1,-1
106,1,310.03,93.94,61.72,167.84,1,-1,-1,-1
106,3,570.69,99.42,65.72,170.32,1,-1,-1,-1
106,8,185.34,95.37,57.95,156.27,1,-1,-1,-1
106,13,484.94,111.48,48.08,154.65,1,-1,-1,-1
106,19,385.12,105.78,52.65,136.20,1,-1,-1,-1
106,23,539.40,108.98,27.86,137.04,1,-1,-1,-1
107,1,309.06,93.97,61.20,167.56,1,-1,-1,-1
107,3,575.18,98.28,65.64,171.31,1,-1,-1,-1
107,8,185.09,95.32,58.21,156.57,1,-1,-1,-1
107,13,478.59,112.74,49.97,153.20,1,-1,-1,-1
107,19,385.43,105.74,52.80,136.46,1,-1,-1,-1
107,23,536.75,108.16,29.26,138.53,1,-1,-1,-1
108,1,308.11,93.99,60.77,167.44,1,-1,-1,-1
108,3,578.71,98.44,64.70,170.60,1,-1,-1,-1
108,8,184.81,95.35,58.51,157.11,1,-1,-1,-1
108,13,473.19,113.62,52.37,152.35,1,-1,-1,-1
108,19,385.39,105.81,52.99,137.10,1,-1,-1,-1
108,23,533.90,107.06,30.92,140.57,1,-1,-1,-1
109,1,307.64,94.71,60.13,166.74,1,-1,-1,-1
109,3,581.04,99.05,63.52,169.52,1,-1,-1,-1
109,8,184.68,95.25,58.58,157.12,1,-1,-1,-1
109,13,468.80,112.11,55.50,153.95,1,-1,-1,-1
109,19,385.30,105.60,53.14,137.66,1,-1,-1,-1
109,23,531.78,106.37,32.43,141.85,1,-1,-1,-1
110,1,306.51,94.03,60.16,167.66,1,-1,-1,-1
110,3,582.54,98.99,62.54,169.35,1,-1,-1,-1
110,8,184.46,95.02,58.64,157.14,1,-1,-1,-1
110,13,466.36,114.08,57.44,152.16,1,-1,-1,-1
110,19,385.55,105.92,53.07,137.78,1,-1,-1,-1
110,23,529.33,106.29,33.92,142.26,1,-1,-1,-1
111,1,305.44,94.27,59.89,167.78,1,-1,-1,-1
111,3,584.47,99.32,61.13,168.39,1,-1,-1,-1
111,8,184.66,94.87,58.88,157.61,1,-1,-1,-1
111,13,464.61,115.34,59.47,151.10,1,-1,-1,-1
111,19,385.60,106.34,52.86,137.12,1,-1,-1,-1
111,23,527.19,106.18,35.35,142.45,1,-1,-1,-1
112,1,304.67,94.97,59.43,167.18,1,-1,-1,-1
112,3,586.61,99.58,59.90,168.45,1,-1,-1,-1
112,8,184.50,94.89,58.86,157.56,1,-1,-1,-1
112,13,463.00,116.12,61.33,150.21,1,-1,-1,-1
112,19,385.66,106.95,53.00,137.13,1,-1,-1,-1
112,23,524.54,106.77,36.59,141.65,1,-1,-1,-1
113,1,304.13,96.34,58.82,165.86,1,-1,-1,-1
113,3,588.78,99.68,58.53,168.66,1,-1,-1,-1
113,8,184.44,94.68,58.93,157.91,1,-1,-1,-1
113,13,461.66,115.48,63.23,150.47,1,-1,-1,-1
113,19,386.29,107.27,53.13,136.81,1,-1,-1,-1
113,23,521.65,108.20,37.42,139.43,1,-1,-1,-1
114,1,303.51,97.13,58.28,164.92,1,-1,-1,-1
114,3,590.63,99.35,57.20,169.30,1,-1,-1,-1
114,8,185.01,94.64,58.83,157.83,1,-1,-1,-1
114,13,460.10,115.06,65.10,151.28,1,-1,-1,-1
114,19,387.20,108.04,53.10,136.26,1,-1,-1,-1
114,23,518.46,109.24,39.02,139.40,1,-1,-1,-1
115,1,302.64,97.72,57.82,164.32,1,-1,-1,-1
115,3,592.62,99.00,55.43,168.79,1,-1,-1,-1
115,8,185.57,94.66,58.78,157.61,1,-1,-1,-1
115,13,456.94,114.48,65.88,151.44,1,-1,-1,-1
115,19,388.28,108.50,53.27,136.50,1,-1,-1,-1
115,23,515.77,110.26,40.74,139.33,1,-1,-1,-1
116,1,301.83,97.84,57.31,163.67,1,-1,-1,-1
116,3,594.73,98.62,53.23,166.79,1,-1,-1,-1
116,8,186.04,94.55,58.82,157.61,1,-1,-1,-1
116,13,453.78,114.17,66.06,150.66,1,-1,-1,-1
116,19,388.66,108.61,53.95,137.07,1,-1,-1,-1
116,23,513.57,111.06,42.27,138.72,1,-1,-1,-1
117,1,301.30,97.51,56.94,163.68,1,-1,-1,-1
117,3,596.65,97.89,51.64,167.09,1,-1,-1,-1
117,8,186.52,93.95,58.90,157.66,1,-1,-1,-1
117,13,449.43,113.70,66.32,150.97,1,-1,-1,-1
117,19,388.72,108.66,54.21,137.17,1,-1,-1,-1
117,23,511.89,111.33,43.56,138.83,1,-1,-1,-1
118,1,301.10,96.81,56.26,162.76,1,-1,-1,-1
118,3,599.00,96.87,49.85,167.35,1,-1,-1,-1
118,8,187.05,93.60,59.05,157.83,1,-1,-1,-1
118,13,443.54,113.00,65.98,151.61,1,-1,-1,-1
118,19,390.07,108.55,54.73,137.55,1,-1,-1,-1
118,23,509.91,111.07,44.55,139.67,1,-1,-1,-1
119,1,300.49,96.29,56.25,163.97,1,-1,-1,-1
119,3,600.80,95.63,48.30,168.53,1,-1,-1,-1
119,8,188.02,93.09,59.25,158.19,1,-1,-1,-1
119,13,438.74,112.61,64.72,151.56,1,-1,-1,-1
119,19,391.69,108.45,55.03,137.83,1,-1,-1,-1
119,23,508.32,110.75,45.25,140.07,1,-1,-1,-1
120,1,300.77,95.36,55.20,161.69,1,-1,-1,-1
120,3,602.54,95.91,46.44,168.51,1,-1,-1,-1
120,8,188.55,92.83,59.25,158.37,1,-1,-1,-1
120,13,433.99,112.56,62.88,151.35,1,-1,-1,-1
120,19,392.30,108.51,54.69,137.80,1,-1,-1,-1
120,23,506.59,109.81,45.91,140.87,1,-1,-1,-1
121,1,300.80,94.48,54.42,160.20,1,-1,-1,-1
121,3,604.31,96.87,44.42,167.57,1,-1,-1,-1
121,8,189.39,92.83,59.18,158.28,1,-1,-1,-1
121,13,431.64,112.42,61.39,151.51,1,-1,-1,-1
121,19,392.01,108.50,54.21,138.07,1,-1,-1,-1
121,23,505.09,109.16,46.43,141.25,1,-1,-1,-1
122,1,300.79,93.42,53.92,159.31,1,-1,-1,-1
122,3,606.61,98.74,42.07,165.53,1,-1,-1,-1
122,8,190.09,92.79,59.16,158.17,1,-1,-1,-1
122,13,429.52,112.97,59.89,151.33,1,-1,-1,-1
122,19,392.33,108.43,53.51,138.09,1,-1,-1,-1
122,23,503.21,108.59,47.29,142.48,1,-1,-1,-1
123,1,299.70,92.91,54.58,162.22,1,-1,-1,-1
123,3,608.62,101.18,39.75,163.15,1,-1,-1,-1
123,8,191.12,92.98,59.11,158.05,1,-1,-1,-1
123,13,426.47,113.44,58.52,150.88,1,-1,-1,-1
123,19,392.69,108.54,52.67,138.34,1,-1,-1,-1
123,23,501.46,107.64,48.16,143.33,1,-1,-1,-1
124,1,298.76,92.51,54.65,163.27,1,-1,-1,-1
124,3,612.31,112.29,35.32,151.41,1,-1,-1,-1
124,8,191.62,93.16,58.97,157.80,1,-1,-1,-1
124,13,422.00,114.46,57.83,149.78,1,-1,-1,-1
124,19,393.14,108.72,52.21,139.66,1,-1,-1,-1
124,23,500.18,107.24,48.87,143.60,1,-1,-1,-1
125,1,297.41,92.02,54.62,164.05,1,-1,-1,-1
125,3,615.64,122.37,31.35,140.60,1,-1,-1,-1
125,8,192.09,93.23,58.82,157.54,1,-1,-1,-1
125,13,418.46,114.80,57.84,149.47,1,-1,-1,-1
125,19,394.22,109.49,50.52,138.46,1,-1,-1,-1
125,23,498.99,107.76,49.14,142.70,1,-1,-1,-1
126,1,296.10,91.89,54.57,164.85,1,-1,-1,-1
126,3,618.26,127.17,28.78,135.81,1,-1,-1,-1
126,8,192.54,93.07,58.71,157.34,1,-1,-1,-1
126,13,416.24,115.84,57.73,148.12,1,-1,-1,-1
126,19,394.52,109.65,49.38,137.96,1,-1,-1,-1
126,23,496.37,108.09,49.83,143.17,1,-1,-1,-1
127,1,295.23,92.23,54.54,165.22,1,-1,-1,-1
127,3,620.49,129.02,26.59,132.57,1,-1,-1,-1
127,8,192.95,92.89,58.67,157.25,1,-1,-1,-1
127,13,414.66,116.54,57.89,146.98,1,-1,-1,-1
127,19,394.53,109.79,47.99,136.48,1,-1,-1,-1
127,23,492.52,108.54,50.85,143.88,1,-1,-1,-1
128,1,293.17,92.59,54.68,164.78,1,-1,-1,-1
128,3,622.51,131.59,24.49,129.40,1,-1,-1,-1
128,8,192.95,92.93,58.53,156.98,1,-1,-1,-1
128,13,412.55,116.71,58.69,146.77,1,-1,-1,-1
128,19,395.40,110.67,45.23,130.51,1,-1,-1,-1
128,23,489.35,109.05,51.59,143.61,1,-1,-1,-1
129,1,289.56,92.58,55.48,164.37,1,-1,-1,-1
129,3,624.18,134.32,23.88,126.19,1,-1,-1,-1
129,8,193.01,92.93,58.37,156.61,1,-1,-1,-1
129,13,408.81,115.85,60.15,147.61,1,-1,-1,-1
129,19,397.69,110.11,40.48,116.51,1,-1,-1,-1
129,23,487.41,109.99,52.01,142.57,1,-1,-1,-1
130,1,286.29,92.50,56.70,164.34,1,-1,-1,-1
130,8,193.20,92.98,58.11,155.99,1,-1,-1,-1
130,13,407.78,116.58,60.41,146.67,1,-1,-1,-1
130,19,399.60,110.18,36.38,103.49,1,-1,-1,-1
130,23,485.08,110.60,52.81,142.30,1,-1,-1,-1
131,1,282.47,92.66,58.19,164.04,1,-1,-1,-1
131,8,193.14,93.12,57.90,155.54,1,-1,-1,-1
131,13,404.76,116.41,60.51,146.48,1,-1,-1,-1
131,19,400.27,110.32,35.08,99.77,1,-1,-1,-1
131,23,482.16,111.14,53.64,142.41,1,-1,-1,-1
132,1,278.89,92.86,59.65,163.67,1,-1,-1,-1
132,8,193.15,93.15,57.64,155.00,1,-1,-1,-1
132,13,402.28,115.40,59.97,146.55,1,-1,-1,-1
132,23,479.61,111.58,54.17,142.30,1,-1,-1,-1
133,1,277.34,93.44,60.73,162.88,1,-1,-1,-1
133,8,192.89,92.68,57.54,155.11,1,-1,-1,-1
133,13,398.13,113.13,59.66,147.89,1,-1,-1,-1
133,23,477.68,112.14,54.34,141.53,1,-1,-1,-1
133,24,2.14,74.55,38.10,228.50,1,-1,-1,-1
134,1,275.61,93.75,61.62,162.62,1,-1,-1,-1
134,8,192.62,92.72,57.54,155.47,1,-1,-1,-1
134,13,395.42,111.53,59.28,149.31,1,-1,-1,-1
134,23,475.13,111.26,55.30,143.00,1,-1,-1,-1
134,24,4.04,74.80,38.21,227.12,1,-1,-1,-1
134,25,5.02,75.19,36.42,133.29,1,-1,-1,-1
135,1,274.19,94.54,62.19,161.97,1,-1,-1,-1
135,8,192.26,92.49,57.35,155.62,1,-1,-1,-1
135,13,394.22,109.96,58.94,150.83,1,-1,-1,-1
135,23,472.47,110.80,55.79,143.56,1,-1,-1,-1
135,24,5.22,74.98,38.32,227.82,1,-1,-1,-1
135,25,6.41,75.82,36.07,131.99,1,-1,-1,-1
136,1,272.54,94.97,62.64,161.39,1,-1,-1,-1
136,8,191.94,92.49,57.06,155.41,1,-1,-1,-1
136,13,394.59,108.84,58.89,151.68,1,-1,-1,-1
136,23,469.89,110.88,56.21,143.26,1,-1,-1,-1
137,1,271.08,94.34,63.07,161.82,1,-1,-1,-1
137,8,191.32,92.68,56.82,155.22,1,-1,-1,-1
137,13,393.73,108.18,58.96,152.01,1,-1,-1,-1
137,23,467.68,110.84,56.69,143.24,1,-1,-1,-1
138,1,270.05,94.61,63.10,161.36,1,-1,-1,-1
138,8,190.66,92.80,56.53,155.02,1,-1,-1,-1
138,13,392.95,107.88,59.34,152.16,1,-1,-1,-1
138,23,465.42,110.68,57.22,143.43,1,-1,-1,-1
138,26,0.36,114.89,54.07,172.27,1,-1,-1,-1
139,1,269.71,95.69,62.77,160.26,1,-1,-1,-1
139,8,190.21,92.85,56.36,155.00,1,-1,-1,-1
139,13,389.80,108.20,60.02,151.17,1,-1,-1,-1
139,23,462.38,110.86,56.74,143.25,1,-1,-1,-1
139,26,0.13,114.43,54.54,174.12,1,-1,-1,-1
140,1,270.00,96.03,62.54,159.86,1,-1,-1,-1
140,8,189.84,92.77,56.20,155.07,1,-1,-1,-1
140,13,382.14,111.25,59.75,148.70,1,-1,-1,-1
140,19,416.77,110.82,46.53,141.08,1,-1,-1,-1
140,23,459.34,111.09,56.42,144.49,1,-1,-1,-1
140,26,1.32,111.53,55.02,177.05,1,-1,-1,-1
141,1,271.34,101.24,60.47,154.51,1,-1,-1,-1
141,8,189.16,92.43,56.12,155.29,1,-1,-1,-1
141,13,376.15,112.65,60.32,147.74,1,-1,-1,-1
141,19,415.95,109.52,46.35,144.81,1,-1,-1,-1
141,23,457.77,111.60,55.44,144.77,1,-1,-1,-1
141,26,2.20,108.43,55.29,180.06,1,-1,-1,-1
142,1,270.61,98.57,61.14,156.91,1,-1,-1,-1
142,8,188.44,91.96,56.07,155.78,1,-1,-1,-1
142,13,370.08,113.90,60.39,146.31,1,-1,-1,-1
142,19,415.46,109.35,45.47,146.18,1,-1,-1,-1
142,23,457.24,112.29,54.15,143.88,1,-1,-1,-1
142,26,6.34,108.60,54.38,179.66,1,-1,-1,-1
143,1,268.40,96.03,61.91,159.19,1,-1,-1,-1
143,8,187.54,91.54,55.97,156.16,1,-1,-1,-1
143,13,366.81,115.03,60.58,145.25,1,-1,-1,-1
143,19,415.12,109.77,44.47,145.31,1,-1,-1,-1
143,23,457.39,112.91,53.12,143.22,1,-1,-1,-1
143,26,11.40,110.51,52.44,174.58,1,-1,-1,-1
144,1,265.95,94.98,62.08,160.13,1,-1,-1,-1
144,8,186.97,91.93,55.61,155.73,1,-1,-1,-1
144,13,365.85,116.07,60.71,144.29,1,-1,-1,-1
144,19,414.62,110.31,43.91,144.88,1,-1,-1,-1
144,23,459.10,113.15,52.93,142.75,1,-1,-1,-1
144,26,16.02,112.16,51.38,172.24,1,-1,-1,-1
145,1,265.04,95.59,61.47,159.03,1,-1,-1,-1
145,8,186.46,92.30,55.30,155.21,1,-1,-1,-1
145,13,365.19,116.66,60.84,143.63,1,-1,-1,-1
145,19,413.67,110.89,43.77,144.69,1,-1,-1,-1
145,23,459.77,113.43,52.95,142.75,1,-1,-1,-1
145,26,24.72,112.72,52.88,173.33,1,-1,-1,-1
146,1,263.80,93.86,61.67,160.37,1,-1,-1,-1
146,8,185.98,92.33,55.20,155.22,1,-1,-1,-1
146,13,364.45,115.73,61.47,144.47,1,-1,-1,-1
146,19,413.11,110.90,44.17,145.48,1,-1,-1,-1
146,23,460.10,113.60,53.26,142.97,1,-1,-1,-1
146,26,31.59,114.00,54.43,173.37,1,-1,-1,-1
147,1,261.87,92.86,61.36,161.02,1,-1,-1,-1
147,8,185.49,92.23,55.07,155.25,1,-1,-1,-1
147,13,363.60,114.80,61.97,145.37,1,-1,-1,-1
147,19,412.73,111.18,44.81,145.75,1,-1,-1,-1
147,23,459.79,113.55,53.40,142.84,1,-1,-1,-1
147,24,-1.69,72.00,34.53,209.52,1,-1,-1,-1
147,26,32.85,113.86,57.08,174.26,1,-1,-1,-1
148,1,260.38,92.51,60.86,161.44,1,-1,-1,-1
148,8,185.15,91.78,55.08,155.54,1,-1,-1,-1
148,13,362.58,114.62,61.80,145.20,1,-1,-1,-1
148,19,412.16,111.62,45.23,145.67,1,-1,-1,-1
148,23,458.73,113.46,53.50,143.43,1,-1,-1,-1
148,24,-1.96,75.06,33.36,206.71,1,-1,-1,-1
148,26,34.24,114.72,59.56,173.63,1,-1,-1,-1
149,1,259.54,92.48,60.17,161.50,1,-1,-1,-1
149,8,184.96,91.13,55.18,156.24,1,-1,-1,-1
149,13,361.76,114.36,61.64,145.19,1,-1,-1,-1
149,19,411.22,112.16,45.58,145.20,1,-1,-1,-1
149,23,457.44,113.22,53.89,144.24,1,-1,-1,-1
149,24,-2.30,75.23,33.15,205.38,1,-1,-1,-1
149,26,33.94,115.22,62.21,173.90,1,-1,-1,-1
150,1,258.92,91.73,59.69,162.03,1,-1,-1,-1
150,8,184.45,89.02,55.68,158.18,1,-1,-1,-1
150,13,360.24,114.00,60.47,143.33,1,-1,-1,-1
150,19,410.78,112.35,45.76,144.53,1,-1,-1,-1
150,23,456.42,112.52,54.15,144.53,1,-1,-1,-1
150,26,35.95,114.67,64.53,175.08,1,-1,-1,-1
151,1,258.49,91.56,58.88,161.66,1,-1,-1,-1
151,8,184.70,90.16,55.12,156.83,1,-1,-1,-1
151,13,357.63,113.39,59.37,142.54,1,-1,-1,-1
151,19,410.15,112.52,46.01,143.89,1,-1,-1,-1
151,23,455.46,111.90,54.35,144.80,1,-1,-1,-1
151,26,38.29,114.54,65.55,173.80,1,-1,-1,-1
152,1,257.85,91.63,58.34,161.78,1,-1,-1,-1
152,8,184.35,89.39,55.33,157.80,1,-1,-1,-1
152,13,354.07,112.47,58.59,143.07,1,-1,-1,-1
152,19,409.97,112.54,46.33,143.94,1,-1,-1,-1
152,23,452.28,110.88,54.04,146.23,1,-1,-1,-1
152,26,38.24,113.94,67.20,174.86,1,-1,-1,-1
153,1,257.24,91.38,57.87,161.88,1,-1,-1,-1
153,8,184.23,89.11,55.30,158.11,1,-1,-1,-1
153,13,351.66,112.23,57.51,143.03,1,-1,-1,-1
153,19,409.86,112.47,46.58,144.20,1,-1,-1,-1
153,23,452.37,110.35,54.23,146.91,1,-1,-1,-1
153,26,41.57,113.31,67.05,173.35,1,-1,-1,-1
154,1,256.74,91.43,57.41,162.08,1,-1,-1,-1
154,8,184.32,89.67,54.94,157.37,1,-1,-1,-1
154,13,349.24,112.12,56.34,142.77,1,-1,-1,-1
154,19,409.48,112.31,46.45,144.40,1,-1,-1,-1
154,23,452.03,110.02,54.13,146.76,1,-1,-1,-1
154,24,0.16,71.22,33.27,206.14,1,-1,-1,-1
154,26,46.33,112.37,66.41,172.37,1,-1,-1,-1
155,1,256.59,91.60,56.99,162.37,1,-1,-1,-1
155,8,184.51,90.72,54.51,156.17,1,-1,-1,-1
155,13,347.30,112.05,55.40,143.09,1,-1,-1,-1
155,19,409.37,112.09,46.00,143.97,1,-1,-1,-1
155,23,448.38,109.80,53.21,147.22,1,-1,-1,-1
155,24,0.22,70.92,33.17,205.52,1,-1,-1,-1
155,26,53.12,111.29,65.41,172.35,1,-1,-1,-1
156,1,256.72,91.68,56.43,162.36,1,-1,-1,-1
156,8,184.56,89.50,54.80,157.32,1,-1,-1,-1
156,13,345.63,111.99,54.50,143.19,1,-1,-1,-1
156,19,409.32,112.19,45.49,143.70,1,-1,-1,-1
156,23,445.91,109.71,52.52,148.06,1,-1,-1,-1
156,24,0.81,74.05,33.20,204.23,1,-1,-1,-1
156,26,61.50,111.02,64.29,172.67,1,-1,-1,-1
157,1,256.61,91.96,55.88,162.22,1,-1,-1,-1
157,8,184.68,89.38,54.78,157.45,1,-1,-1,-1
157,13,344.29,112.07,53.63,143.18,1,-1,-1,-1
157,19,408.60,112.17,45.45,144.43,1,-1,-1,-1
157,23,446.27,110.09,51.92,147.70,1,-1,-1,-1
157,24,0.93,74.11,33.09,203.54,1,-1,-1,-1
157,26,68.63,110.73,63.05,172.74,1,-1,-1,-1
158,1,256.47,91.94,55.42,162.40,1,-1,-1,-1
158,8,184.86,89.15,54.78,157.66,1,-1,-1,-1
158,13,343.52,112.47,52.72,143.17,1,-1,-1,-1
158,19,407.30,112.41,45.40,144.10,1,-1,-1,-1
158,23,447.01,110.77,51.69,147.92,1,-1,-1,-1
158,26,74.07,110.77,61.98,173.08,1,-1,-1,-1
159,1,256.65,92.76,54.63,161.47,1,-1,-1,-1
159,8,185.19,89.74,54.57,157.13,1,-1,-1,-1
159,13,342.12,113.00,51.84,142.49,1,-1,-1,-1
159,19,405.78,112.85,45.53,144.05,1,-1,-1,-1
159,23,448.03,110.84,52.11,148.75,1,-1,-1,-1
159,26,79.89,110.92,61.29,172.86,1,-1,-1,-1
160,1,256.88,92.84,54.10,161.38,1,-1,-1,-1
160,8,185.41,89.86,54.50,157.08,1,-1,-1,-1
160,13,340.95,113.66,50.98,141.70,1,-1,-1,-1
160,19,404.31,113.31,45.75,144.27,1,-1,-1,-1
160,23,447.58,111.63,52.13,148.57,1,-1,-1,-1
160,26,87.57,111.92,61.38,171.84,1,-1,-1,-1
161,1,257.29,92.74,53.52,161.39,1,-1,-1,-1
161,8,185.50,90.02,54.45,157.12,1,-1,-1,-1
161,13,339.73,114.54,50.16,140.80,1,-1,-1,-1
161,19,402.72,114.04,46.04,144.24,1,-1,-1,-1
161,23,447.62,111.32,52.64,148.38,1,-1,-1,-1
161,26,93.89,112.77,62.51,171.13,1,-1,-1,-1
162,1,257.64,92.35,52.92,161.35,1,-1,-1,-1
162,8,185.60,90.03,54.32,156.99,1,-1,-1,-1
162,13,338.61,115.12,49.45,139.88,1,-1,-1,-1
162,19,401.67,114.43,46.37,144.08,1,-1,-1,-1
162,23,444.34,110.92,52.75,148.65,1,-1,-1,-1
162,26,97.71,113.46,64.13,170.32,1,-1,-1,-1
163,1,258.19,92.04,52.38,161.39,1,-1,-1,-1
163,8,185.67,90.14,54.23,156.86,1,-1,-1,-1
163,13,337.11,115.30,49.09,139.61,1,-1,-1,-1
163,19,400.90,114.65,46.92,144.28,1,-1,-1,-1
163,23,440.86,110.80,52.97,149.54,1,-1,-1,-1
163,26,100.29,115.02,66.00,168.59,1,-1,-1,-1
164,1,258.49,91.18,52.05,161.95,1,-1,-1,-1
164,8,185.91,91.05,53.89,155.89,1,-1,-1,-1
164,13,335.97,115.01,49.12,140.17,1,-1,-1,-1
164,19,399.70,114.18,47.46,145.22,1,-1,-1,-1
164,23,438.26,110.29,53.40,150.27,1,-1,-1,-1
164,26,100.80,115.67,67.93,167.75,1,-1,-1,-1
165,1,258.89,90.39,51.64,162.09,1,-1,-1,-1
165,8,186.00,91.17,53.83,155.95,1,-1,-1,-1
165,13,334.74,114.38,49.22,140.89,1,-1,-1,-1
165,19,398.57,113.46,48.19,146.39,1,-1,-1,-1
165,23,436.65,109.73,53.93,150.92,1,-1,-1,-1
165,26,100.58,115.27,70.13,168.16,1,-1,-1,-1
166,1,259.11,89.44,51.25,162.06,1,-1,-1,-1
166,8,186.13,91.79,53.59,155.13,1,-1,-1,-1
166,13,333.36,113.95,49.15,141.42,1,-1,-1,-1
166,19,396.81,112.99,48.61,146.79,1,-1,-1,-1
166,23,435.52,108.81,54.77,152.08,1,-1,-1,-1
166,26,99.92,115.05,71.99,168.09,1,-1,-1,-1
167,1,259.43,89.06,50.60,160.97,1,-1,-1,-1
167,8,185.87,89.64,54.20,157.29,1,-1,-1,-1
167,13,332.34,113.22,49.03,141.99,1,-1,-1,-1
167,19,394.96,112.59,48.82,146.67,1,-1,-1,-1
167,23,433.98,107.99,55.38,152.91,1,-1,-1,-1
167,26,101.02,113.97,73.51,168.94,1,-1,-1,-1
168,1,259.36,87.95,50.43,161.51,1,-1,-1,-1
168,8,185.82,89.12,54.36,157.95,1,-1,-1,-1
168,13,331.39,111.99,48.54,141.09,1,-1,-1,-1
168,19,392.34,111.43,49.11,147.53,1,-1,-1,-1
168,23,433.26,107.81,55.91,153.25,1,-1,-1,-1
168,26,103.37,112.48,74.55,170.05,1,-1,-1,-1
169,1,259.14,87.42,50.04,161.18,1,-1,-1,-1
169,8,185.93,88.43,54.48,158.70,1,-1,-1,-1
169,13,330.65,111.49,47.90,139.43,1,-1,-1,-1
169,19,389.44,110.46,49.35,148.72,1,-1,-1,-1
169,23,432.26,107.88,56.61,153.81,1,-1,-1,-1
169,26,107.17,111.63,74.24,168.87,1,-1,-1,-1
170,1,258.94,87.24,49.80,161.20,1,-1,-1,-1
170,8,186.01,89.98,53.91,157.07,1,-1,-1,-1
170,13,329.63,110.95,47.72,138.98,1,-1,-1,-1
170,19,386.47,109.94,49.40,149.83,1,-1,-1,-1
170,23,431.14,108.13,56.65,153.52,1,-1,-1,-1
170,26,111.86,110.19,73.48,168.40,1,-1,-1,-1
171,1,258.54,87.19,49.74,161.49,1,-1,-1,-1
171,8,186.07,89.75,53.91,157.12,1,-1,-1,-1
171,13,328.02,110.45,48.00,139.35,1,-1,-1,-1
171,19,384.24,109.83,49.21,150.44,1,-1,-1,-1
171,23,428.76,109.10,56.61,153.76,1,-1,-1,-1
171,26,117.08,109.02,72.51,168.62,1,-1,-1,-1
172,1,258.04,87.19,49.57,161.30,1,-1,-1,-1
172,8,186.20,89.34,53.96,157.53,1,-1,-1,-1
172,13,327.10,110.33,48.00,139.21,1,-1,-1,-1
172,19,383.06,110.00,48.87,150.43,1,-1,-1,-1
172,23,426.76,109.25,56.78,153.57,1,-1,-1,-1
172,26,123.21,108.07,70.76,169.04,1,-1,-1,-1
173,1,257.10,87.20,49.61,161.57,1,-1,-1,-1
173,8,186.42,89.55,53.81,157.30,1,-1,-1,-1
173,13,325.89,109.95,48.23,139.57,1,-1,-1,-1
173,19,382.25,110.81,48.11,148.92,1,-1,-1,-1
173,23,424.64,109.84,56.71,152.76,1,-1,-1,-1
173,26,129.27,106.43,69.27,170.72,1,-1,-1,-1
174,1,256.17,87.06,49.57,161.74,1,-1,-1,-1
174,8,186.54,90.58,53.46,156.21,1,-1,-1,-1
174,13,325.36,109.69,48.31,139.74,1,-1,-1,-1
174,19,381.70,111.50,47.65,148.39,1,-1,-1,-1
174,23,424.76,110.13,57.14,153.68,1,-1,-1,-1
174,26,134.88,106.08,67.34,170.94,1,-1,-1,-1
175,1,255.48,86.80,49.53,161.85,1,-1,-1,-1
175,8,187.20,90.79,53.28,156.19,1,-1,-1,-1
175,13,324.39,109.08,48.49,140.26,1,-1,-1,-1
175,19,381.01,111.98,47.61,148.89,1,-1,-1,-1
175,23,424.56,110.54,57.20,153.33,1,-1,-1,-1
175,26,139.89,106.97,65.20,169.78,1,-1,-1,-1
176,1,255.03,86.96,49.43,161.86,1,-1,-1,-1
176,8,187.20,89.86,53.44,157.20,1,-1,-1,-1
176,13,322.52,108.36,48.90,140.94,1,-1,-1,-1
176,19,379.65,112.67,47.46,148.49,1,-1,-1,-1
176,23,422.89,110.38,57.45,154.07,1,-1,-1,-1
176,26,143.48,107.81,63.55,169.13,1,-1,-1,-1
177,1,254.70,87.02,49.19,161.73,1,-1,-1,-1
177,8,189.10,90.74,52.49,155.89,1,-1,-1,-1
177,13,320.39,108.47,49.21,140.74,1,-1,-1,-1
177,19,377.85,113.13,47.69,148.93,1,-1,-1,-1
177,23,422.28,109.75,57.80,155.16,1,-1,-1,-1
177,26,147.46,108.87,62.77,168.42,1,-1,-1,-1
178,1,254.46,86.96,48.98,161.65,1,-1,-1,-1
178,8,191.01,89.82,52.09,157.28,1,-1,-1,-1
178,13,319.11,109.49,49.15,139.39,1,-1,-1,-1
178,19,375.85,113.25,48.07,149.41,1,-1,-1,-1
178,23,420.99,109.09,57.87,156.02,1,-1,-1,-1
178,26,150.48,109.96,62.84,167.13,1,-1,-1,-1
179,1,254.59,87.65,48.61,160.91,1,-1,-1,-1
179,8,193.14,89.25,51.24,158.08,1,-1,-1,-1
179,13,317.70,109.74,49.16,138.70,1,-1,-1,-1
179,19,373.22,113.40,48.31,149.36,1,-1,-1,-1
179,23,419.27,108.35,57.92,156.71,1,-1,-1,-1
179,26,152.56,112.67,62.66,163.63,1,-1,-1,-1
