3,1,397.42,177.18,152.73,238.05,1,-1,-1,-1
3,2,256.34,195.23,121.74,191.32,1,-1,-1,-1
3,3,86.35,151.55,86.29,288.98,1,-1,-1,-1
3,4,208.85,202.96,53.32,141.49,1,-1,-1,-1
3,5,141.93,200.74,72.28,166.00,1,-1,-1,-1
3,6,180.66,205.23,46.72,147.28,1,-1,-1,-1
4,1,402.12,177.29,153.08,238.90,1,-1,-1,-1
4,2,249.65,192.95,121.23,192.30,1,-1,-1,-1
4,3,97.11,153.43,87.67,286.73,1,-1,-1,-1
4,4,215.18,203.81,52.02,139.78,1,-1,-1,-1
4,5,147.09,204.47,69.97,161.76,1,-1,-1,-1
4,6,188.58,204.84,46.49,145.06,1,-1,-1,-1
5,1,405.59,174.79,154.37,242.07,1,-1,-1,-1
5,2,242.06,190.03,120.88,195.14,1,-1,-1,-1
5,3,104.86,156.14,90.00,284.20,1,-1,-1,-1
5,4,221.70,204.98,50.99,138.89,1,-1,-1,-1
5,5,150.63,203.64,69.48,163.14,1,-1,-1,-1
5,6,190.76,205.54,46.43,144.25,1,-1,-1,-1
6,1,412.71,173.76,153.49,243.16,1,-1,-1,-1
6,2,235.00,188.14,119.05,197.24,1,-1,-1,-1
6,3,108.29,159.41,92.99,281.52,1,-1,-1,-1
6,4,226.16,206.99,49.59,137.22,1,-1,-1,-1
6,5,157.30,205.94,65.71,157.64,1,-1,-1,-1
6,6,194.36,206.86,47.44,145.25,1,-1,-1,-1
7,1,421.56,172.94,151.33,243.94,1,-1,-1,-1
7,2,223.17,187.95,116.08,197.70,1,-1,-1,-1
7,3,109.67,160.21,97.40,281.77,1,-1,-1,-1
7,4,228.54,213.15,46.74,131.82,1,-1,-1,-1
7,5,161.17,207.87,64.61,155.00,1,-1,-1,-1
7,6,194.61,208.14,48.51,145.24,1,-1,-1,-1
8,1,432.24,170.45,148.78,246.47,1,-1,-1,-1
8,2,216.07,185.45,114.16,200.84,1,-1,-1,-1
8,3,110.48,159.77,101.80,282.08,1,-1,-1,-1
8,4,232.16,214.86,46.20,130.27,1,-1,-1,-1
8,6,200.05,207.76,48.54,144.53,1,-1,-1,-1
9,1,442.98,167.59,145.38,249.94,1,-1,-1,-1
9,2,213.41,186.70,110.48,200.23,1,-1,-1,-1
9,3,114.86,157.83,106.20,284.47,1,-1,-1,-1
9,6,202.05,206.72,48.41,144.64,1,-1,-1,-1
9,9,71.82,212.39,24.28,28.38,1,-1,-1,-1
10,1,450.37,166.05,141.96,253.58,1,-1,-1,-1
10,2,207.67,186.70,109.10,200.64,1,-1,-1,-1
10,3,118.85,157.39,109.31,284.86,1,-1,-1,-1
10,6,203.80,206.19,46.71,141.63,1,-1,-1,-1
10,9,71.46,212.67,24.81,29.05,1,-1,-1,-1
11,1,463.83,165.43,138.50,255.14,1,-1,-1,-1
11,2,208.74,187.64,105.42,197.70,1,-1,-1,-1
11,3,125.39,154.74,111.40,286.61,1,-1,-1,-1
11,6,206.74,206.40,46.48,140.93,1,-1,-1,-1
11,9,71.96,213.11,23.76,27.77,1,-1,-1,-1
12,1,479.55,164.71,136.27,255.56,1,-1,-1,-1
12,2,208.24,189.86,102.15,195.68,1,-1,-1,-1
12,3,132.76,151.42,112.46,289.27,1,-1,-1,-1
12,4,270.04,209.49,48.27,135.81,1,-1,-1,-1
12,9,71.96,212.91,23.72,27.69,1,-1,-1,-1
13,1,494.74,166.05,134.38,253.78,1,-1,-1,-1
13,2,210.69,192.62,98.27,192.59,1,-1,-1,-1
13,3,143.35,148.24,111.95,292.35,1,-1,-1,-1
13,4,272.34,208.78,48.85,136.51,1,-1,-1,-1
13,9,71.89,212.89,23.78,27.69,1,-1,-1,-1
14,1,504.68,167.16,133.97,253.21,1,-1,-1,-1
14,2,215.82,193.46,94.05,190.16,1,-1,-1,-1
14,3,160.55,148.01,111.05,292.43,1,-1,-1,-1
14,4,272.35,206.97,50.17,138.81,1,-1,-1,-1
14,9,71.60,212.61,24.41,28.46,1,-1,-1,-1
15,1,510.06,169.22,133.06,251.92,1,-1,-1,-1
15,2,220.94,199.68,87.06,182.73,1,-1,-1,-1
15,3,171.71,148.65,109.28,292.56,1,-1,-1,-1
15,4,273.84,204.32,50.85,141.08,1,-1,-1,-1
15,9,71.82,212.88,24.09,28.01,1,-1,-1,-1
15,14,353.20,212.67,22.52,29.39,1,-1,-1,-1
16,1,511.69,169.45,133.40,253.31,1,-1,-1,-1
16,2,218.16,200.52,86.45,181.46,1,-1,-1,-1
16,3,182.16,147.31,109.12,296.21,1,-1,-1,-1
16,4,280.06,203.33,49.73,141.80,1,-1,-1,-1
16,9,71.75,213.16,23.79,27.65,1,-1,-1,-1
16,14,354.60,212.98,21.70,28.48,1,-1,-1,-1
17,1,512.16,168.97,134.14,255.99,1,-1,-1,-1
17,3,190.79,148.86,108.89,296.46,1,-1,-1,-1
17,4,285.85,202.22,48.99,143.60,1,-1,-1,-1
17,5,160.34,193.84,74.41,191.32,1,-1,-1,-1
17,9,71.72,212.60,24.22,28.16,1,-1,-1,-1
17,14,355.13,213.14,21.45,28.14,1,-1,-1,-1
18,1,513.29,168.37,133.93,257.34,1,-1,-1,-1
18,3,202.98,151.29,110.13,293.39,1,-1,-1,-1
18,4,291.73,201.19,48.17,144.10,1,-1,-1,-1
18,5,163.72,191.28,72.14,195.24,1,-1,-1,-1
18,9,72.18,213.30,23.87,27.68,1,-1,-1,-1
19,1,516.46,168.04,132.75,258.00,1,-1,-1,-1
19,3,211.58,153.71,112.78,290.84,1,-1,-1,-1
19,4,295.56,202.26,50.03,144.53,1,-1,-1,-1
19,5,164.75,189.39,70.53,198.60,1,-1,-1,-1
19,9,71.80,213.05,24.40,28.24,1,-1,-1,-1
20,1,521.05,166.35,131.27,259.76,1,-1,-1,-1
20,3,214.54,155.51,117.29,292.54,1,-1,-1,-1
20,4,302.33,203.78,51.51,142.18,1,-1,-1,-1
20,5,163.64,185.89,68.96,202.23,1,-1,-1,-1
20,9,71.58,212.45,24.80,28.67,1,-1,-1,-1
21,1,528.31,165.29,128.62,261.60,1,-1,-1,-1
21,3,217.28,157.57,121.49,292.93,1,-1,-1,-1
21,4,307.59,204.75,53.65,141.49,1,-1,-1,-1
21,5,160.00,184.04,67.68,204.12,1,-1,-1,-1
21,9,71.68,212.46,24.62,28.38,1,-1,-1,-1
22,1,537.10,165.08,124.50,262.59,1,-1,-1,-1
22,3,220.07,158.04,125.86,295.13,1,-1,-1,-1
22,4,312.85,206.37,54.82,139.55,1,-1,-1,-1
22,5,150.76,178.49,68.62,209.49,1,-1,-1,-1
22,9,71.51,212.59,24.64,28.44,1,-1,-1,-1
22,19,4.60,178.52,23.17,233.74,1,-1,-1,-1
23,1,547.83,163.20,118.29,261.30,1,-1,-1,-1
23,3,222.55,157.81,128.84,296.05,1,-1,-1,-1
23,4,318.79,207.54,55.42,138.55,1,-1,-1,-1
23,5,145.13,180.53,67.97,207.57,1,-1,-1,-1
23,9,71.49,212.85,24.90,28.71,1,-1,-1,-1
23,19,6.11,179.18,23.84,235.77,1,-1,-1,-1
24,1,558.84,160.76,113.02,264.92,1,-1,-1,-1
24,3,229.28,155.88,130.42,298.48,1,-1,-1,-1
24,4,323.50,206.88,56.01,139.73,1,-1,-1,-1
24,5,135.82,181.42,69.49,206.20,1,-1,-1,-1
24,9,71.66,212.48,24.79,28.39,1,-1,-1,-1
24,19,6.56,178.23,24.54,236.87,1,-1,-1,-1
24,21,230.82,190.93,50.44,177.72,1,-1,-1,-1
25,1,567.35,158.81,106.52,266.04,1,-1,-1,-1
25,3,237.77,154.82,129.90,299.76,1,-1,-1,-1
25,4,328.68,205.89,55.67,141.15,1,-1,-1,-1
25,5,121.45,182.62,73.33,204.56,1,-1,-1,-1
25,9,71.58,212.46,24.91,28.52,1,-1,-1,-1
25,19,7.43,177.70,25.44,237.76,1,-1,-1,-1
25,21,241.25,191.27,51.18,178.15,1,-1,-1,-1
26,1,574.66,157.67,100.23,268.03,1,-1,-1,-1
26,3,248.16,154.82,127.53,299.79,1,-1,-1,-1
26,4,332.49,204.21,54.74,142.20,1,-1,-1,-1
26,5,110.13,185.43,77.64,201.08,1,-1,-1,-1
26,9,71.23,212.68,24.88,28.37,1,-1,-1,-1
26,19,8.83,176.01,26.78,239.79,1,-1,-1,-1
26,21,247.13,193.73,52.10,176.55,1,-1,-1,-1
27,1,580.94,157.74,94.09,270.47,1,-1,-1,-1
27,3,260.82,154.09,125.09,300.41,1,-1,-1,-1
27,4,338.31,206.77,52.14,140.01,1,-1,-1,-1
27,5,102.40,186.98,82.39,199.37,1,-1,-1,-1
27,9,71.22,212.98,24.63,28.02,1,-1,-1,-1
27,19,10.37,174.24,28.42,241.40,1,-1,-1,-1
27,21,248.84,197.53,52.58,173.35,1,-1,-1,-1
28,1,588.22,163.75,85.87,266.58,1,-1,-1,-1
28,3,276.29,152.40,122.29,302.23,1,-1,-1,-1
28,4,346.35,205.29,46.96,129.44,1,-1,-1,-1
28,5,97.15,187.54,87.05,198.52,1,-1,-1,-1
28,9,71.20,213.01,24.60,27.99,1,-1,-1,-1
28,19,13.10,172.47,30.70,242.96,1,-1,-1,-1
28,21,250.71,197.08,54.79,174.72,1,-1,-1,-1
29,1,593.40,163.60,86.15,267.44,1,-1,-1,-1
29,3,288.94,152.14,119.14,303.02,1,-1,-1,-1
29,4,351.74,205.24,46.53,128.25,1,-1,-1,-1
29,5,91.75,187.17,92.07,199.43,1,-1,-1,-1
29,19,15.67,171.00,33.46,244.16,1,-1,-1,-1
29,21,251.13,194.88,57.62,178.37,1,-1,-1,-1
30,3,299.44,152.82,116.72,301.86,1,-1,-1,-1
30,5,87.34,185.42,96.40,201.14,1,-1,-1,-1
30,19,17.93,169.91,36.61,244.66,1,-1,-1,-1
30,21,256.24,195.53,59.51,178.87,1,-1,-1,-1
31,3,308.05,154.13,115.93,300.34,1,-1,-1,-1
31,5,85.91,184.71,97.96,201.22,1,-1,-1,-1
31,19,21.50,170.42,40.45,243.81,1,-1,-1,-1
31,21,261.64,202.49,58.88,170.74,1,-1,-1,-1
31,24,69.67,211.63,27.45,85.26,1,-1,-1,-1
32,3,318.20,151.97,119.20,302.92,1,-1,-1,-1
32,5,82.87,184.90,98.17,200.96,1,-1,-1,-1
32,19,29.72,172.03,45.59,241.00,1,-1,-1,-1
32,21,267.16,206.18,59.42,166.30,1,-1,-1,-1
32,24,69.38,211.34,27.94,86.81,1,-1,-1,-1
33,3,327.23,154.57,122.10,300.16,1,-1,-1,-1
33,5,75.92,182.51,99.14,204.23,1,-1,-1,-1
33,19,37.13,172.40,52.47,241.29,1,-1,-1,-1
33,21,266.85,199.68,64.20,172.03,1,-1,-1,-1
34,3,331.95,156.80,125.54,297.32,1,-1,-1,-1
34,5,62.53,179.01,102.83,214.22,1,-1,-1,-1
34,19,43.15,192.52,56.36,221.90,1,-1,-1,-1
34,21,265.64,197.24,67.49,174.83,1,-1,-1,-1
35,3,335.39,158.69,129.84,295.66,1,-1,-1,-1
35,5,31.30,177.98,112.82,229.75,1,-1,-1,-1
35,19,48.50,194.63,55.89,220.05,1,-1,-1,-1
35,21,270.24,197.92,69.63,172.54,1,-1,-1,-1
36,3,337.87,160.26,133.74,294.95,1,-1,-1,-1
36,5,19.15,178.28,118.38,235.42,1,-1,-1,-1
36,21,289.10,205.84,65.04,159.62,1,-1,-1,-1
36,27,269.93,206.14,74.84,167.05,1,-1,-1,-1
37,3,341.36,159.54,136.98,296.09,1,-1,-1,-1
37,5,16.95,178.35,121.43,237.49,1,-1,-1,-1
37,21,280.78,201.10,68.03,165.18,1,-1,-1,-1
37,27,285.93,207.94,73.05,163.77,1,-1,-1,-1
37,29,285.99,196.69,37.52,68.00,1,-1,-1,-1
38,3,347.60,159.95,138.16,296.05,1,-1,-1,-1
38,5,19.11,177.39,123.32,239.38,1,-1,-1,-1
38,19,36.22,178.91,63.47,237.09,1,-1,-1,-1
38,21,285.17,201.46,67.75,164.50,1,-1,-1,-1
38,27,293.25,202.73,76.32,171.03,1,-1,-1,-1
38,29,288.19,196.68,37.16,67.36,1,-1,-1,-1
39,2,10.97,177.38,93.64,217.08,1,-1,-1,-1
39,3,355.19,157.79,138.26,297.39,1,-1,-1,-1
39,5,25.63,175.92,123.30,240.62,1,-1,-1,-1
39,19,60.10,177.11,63.98,235.15,1,-1,-1,-1
39,27,298.58,208.49,74.80,165.20,1,-1,-1,-1
39,29,293.50,195.88,38.38,69.54,1,-1,-1,-1
40,2,6.79,177.82,93.75,216.94,1,-1,-1,-1
40,3,366.50,155.68,136.53,299.20,1,-1,-1,-1
40,5,20.64,175.13,124.86,243.65,1,-1,-1,-1
40,19,66.00,175.11,68.46,238.38,1,-1,-1,-1
40,27,304.18,210.31,74.90,163.17,1,-1,-1,-1
40,29,298.42,196.30,37.33,67.94,1,-1,-1,-1
41,2,2.30,178.53,96.23,217.71,1,-1,-1,-1
41,3,378.39,155.12,133.11,299.76,1,-1,-1,-1
41,19,74.99,174.65,70.42,239.11,1,-1,-1,-1
41,27,307.71,211.97,75.54,161.98,1,-1,-1,-1
41,29,305.21,195.63,37.59,67.41,1,-1,-1,-1
42,2,1.01,179.09,99.11,219.71,1,-1,-1,-1
42,3,391.85,153.94,129.60,301.10,1,-1,-1,-1
42,19,87.32,172.17,70.98,242.00,1,-1,-1,-1
42,27,309.70,214.24,76.07,159.96,1,-1,-1,-1
42,29,309.36,195.43,37.41,67.09,1,-1,-1,-1
43,2,-0.03,181.33,99.94,218.67,1,-1,-1,-1
43,3,405.18,152.07,127.07,302.58,1,-1,-1,-1
43,19,97.59,171.42,71.58,244.38,1,-1,-1,-1
43,27,311.03,213.60,77.66,160.47,1,-1,-1,-1
44,2,-1.13,181.46,100.55,218.60,1,-1,-1,-1
44,3,415.29,151.52,124.37,304.40,1,-1,-1,-1
44,19,104.77,170.88,72.03,245.71,1,-1,-1,-1
44,24,69.88,212.89,27.32,85.96,1,-1,-1,-1
44,27,312.83,212.51,78.76,161.39,1,-1,-1,-1
45,2,-3.53,182.56,99.65,217.63,1,-1,-1,-1
45,3,426.40,150.88,123.11,305.77,1,-1,-1,-1
45,19,115.77,172.33,73.91,244.31,1,-1,-1,-1
45,21,308.47,195.99,70.07,172.75,1,-1,-1,-1
45,24,71.39,212.77,26.75,83.93,1,-1,-1,-1
45,27,314.88,211.55,79.91,163.20,1,-1,-1,-1
46,2,-7.89,181.54,98.40,219.36,1,-1,-1,-1
46,3,438.91,151.66,124.44,304.90,1,-1,-1,-1
46,19,125.29,173.28,77.99,242.75,1,-1,-1,-1
46,21,311.64,196.36,68.75,170.28,1,-1,-1,-1
46,24,71.53,212.82,26.73,83.88,1,-1,-1,-1
46,27,315.65,208.58,81.10,165.39,1,-1,-1,-1
47,2,-12.44,179.93,95.97,221.15,1,-1,-1,-1
47,3,447.33,153.25,127.56,303.23,1,-1,-1,-1
47,9,72.14,213.34,24.80,28.17,1,-1,-1,-1
47,19,131.06,174.42,82.68,241.38,1,-1,-1,-1
47,21,307.85,196.06,66.83,168.92,1,-1,-1,-1
47,27,321.76,209.43,80.39,164.12,1,-1,-1,-1
47,29,325.15,197.57,41.35,75.16,1,-1,-1,-1
48,2,-17.01,177.31,91.89,221.75,1,-1,-1,-1
48,3,453.11,154.88,130.88,301.61,1,-1,-1,-1
48,9,72.03,213.15,24.53,27.92,1,-1,-1,-1
48,19,133.53,176.71,87.28,240.53,1,-1,-1,-1
48,21,309.70,198.05,66.53,168.14,1,-1,-1,-1
48,27,331.88,207.41,79.72,164.28,1,-1,-1,-1
48,29,328.76,197.70,41.72,75.85,1,-1,-1,-1
49,2,-23.29,176.53,86.12,222.41,1,-1,-1,-1
49,3,457.80,154.24,135.47,302.95,1,-1,-1,-1
49,9,72.12,213.16,24.32,27.49,1,-1,-1,-1
49,19,134.72,178.44,92.23,241.35,1,-1,-1,-1
49,21,317.39,200.50,69.67,169.42,1,-1,-1,-1
49,27,341.65,206.91,78.49,164.74,1,-1,-1,-1
50,2,-25.60,182.01,78.18,217.36,1,-1,-1,-1
50,3,461.95,156.03,137.61,301.27,1,-1,-1,-1
50,9,72.14,213.31,24.07,27.03,1,-1,-1,-1
50,19,136.99,178.85,96.59,243.15,1,-1,-1,-1
50,21,320.58,199.58,73.26,172.77,1,-1,-1,-1
50,27,337.45,205.35,80.88,167.59,1,-1,-1,-1
50,33,448.91,207.20,62.42,141.90,1,-1,-1,-1
51,2,-24.83,188.34,70.84,211.69,1,-1,-1,-1
51,3,466.59,156.45,139.29,301.34,1,-1,-1,-1
51,9,71.78,212.83,24.77,27.91,1,-1,-1,-1
51,19,142.46,179.31,98.98,244.04,1,-1,-1,-1
51,21,322.49,197.47,74.20,172.77,1,-1,-1,-1
51,27,346.30,206.66,78.65,167.33,1,-1,-1,-1
51,33,459.69,206.64,62.58,143.55,1,-1,-1,-1
52,2,-19.98,213.24,58.52,186.38,1,-1,-1,-1
52,3,474.59,156.58,139.18,301.53,1,-1,-1,-1
52,9,72.09,213.56,24.36,27.35,1,-1,-1,-1
52,19,149.63,179.04,99.45,244.93,1,-1,-1,-1
52,21,326.33,196.96,73.60,170.02,1,-1,-1,-1
52,27,352.29,207.73,76.61,166.62,1,-1,-1,-1
52,29,346.41,195.33,42.36,78.64,1,-1,-1,-1
52,33,463.98,205.64,62.27,145.33,1,-1,-1,-1
53,2,-17.33,221.29,52.71,178.57,1,-1,-1,-1
53,3,483.20,155.20,138.13,303.34,1,-1,-1,-1
53,9,71.98,214.47,23.43,26.12,1,-1,-1,-1
53,19,160.69,178.03,98.45,246.13,1,-1,-1,-1
53,21,330.20,197.15,71.90,166.62,1,-1,-1,-1
53,27,361.05,210.28,75.39,163.80,1,-1,-1,-1
53,29,352.01,195.56,39.90,75.07,1,-1,-1,-1
53,33,471.79,207.24,60.97,143.90,1,-1,-1,-1
54,2,-21.42,225.31,51.60,174.82,1,-1,-1,-1
54,3,491.95,151.86,136.20,306.45,1,-1,-1,-1
54,9,71.92,214.75,23.31,25.83,1,-1,-1,-1
54,19,174.58,176.40,96.20,248.17,1,-1,-1,-1
54,21,333.70,197.04,71.74,166.27,1,-1,-1,-1
54,27,366.92,211.19,75.33,162.32,1,-1,-1,-1
54,29,355.82,194.64,39.12,74.54,1,-1,-1,-1
54,33,479.58,207.86,60.61,142.93,1,-1,-1,-1
55,3,502.29,149.92,132.82,308.20,1,-1,-1,-1
55,9,72.04,214.68,23.76,26.22,1,-1,-1,-1
55,19,187.88,174.96,94.54,249.83,1,-1,-1,-1
55,21,337.53,195.57,70.03,167.93,1,-1,-1,-1
55,27,368.82,210.99,75.40,162.21,1,-1,-1,-1
55,29,358.84,196.33,38.03,73.24,1,-1,-1,-1
55,33,486.49,208.42,61.24,142.16,1,-1,-1,-1
55,35,324.98,211.85,24.65,21.90,1,-1,-1,-1
56,3,516.82,148.61,128.05,309.60,1,-1,-1,-1
56,9,71.97,214.75,23.79,26.15,1,-1,-1,-1
56,19,198.58,174.92,92.65,249.41,1,-1,-1,-1
56,21,340.94,195.31,69.98,167.79,1,-1,-1,-1
56,27,370.75,211.71,75.58,161.64,1,-1,-1,-1
56,29,363.24,195.35,38.08,73.54,1,-1,-1,-1
56,33,491.20,212.35,61.10,138.17,1,-1,-1,-1
56,35,325.26,211.96,24.31,21.60,1,-1,-1,-1
57,3,529.18,148.66,123.10,309.65,1,-1,-1,-1
57,9,71.93,214.87,23.60,25.86,1,-1,-1,-1
57,19,209.58,174.68,92.50,248.46,1,-1,-1,-1
57,21,351.49,193.64,68.81,169.50,1,-1,-1,-1
57,27,372.55,213.73,75.26,160.58,1,-1,-1,-1
57,29,367.12,195.27,38.11,73.60,1,-1,-1,-1
57,33,492.57,209.54,63.93,141.01,1,-1,-1,-1
58,3,538.14,148.45,119.75,310.38,1,-1,-1,-1
58,9,72.21,215.14,23.22,25.20,1,-1,-1,-1
58,19,220.76,176.22,94.88,247.21,1,-1,-1,-1
58,21,376.12,206.47,63.52,160.67,1,-1,-1,-1
58,27,375.44,214.40,74.40,159.69,1,-1,-1,-1
58,29,372.19,195.46,37.40,71.83,1,-1,-1,-1
58,33,495.19,211.71,64.58,138.57,1,-1,-1,-1
58,35,325.41,211.49,26.80,23.72,1,-1,-1,-1
59,3,541.92,148.69,116.43,309.99,1,-1,-1,-1
59,9,71.61,214.31,24.60,26.85,1,-1,-1,-1
59,19,230.44,178.34,98.52,245.06,1,-1,-1,-1
59,21,365.77,199.09,63.97,167.29,1,-1,-1,-1
59,27,379.80,211.48,73.97,161.97,1,-1,-1,-1
59,29,376.21,195.41,37.33,71.70,1,-1,-1,-1
59,33,498.67,213.67,65.50,137.09,1,-1,-1,-1
59,35,325.61,211.45,27.13,24.01,1,-1,-1,-1
60,3,543.35,149.51,114.47,312.76,1,-1,-1,-1
60,9,71.83,214.97,23.89,26.04,1,-1,-1,-1
60,19,235.19,180.65,102.69,243.16,1,-1,-1,-1
60,21,364.63,196.43,63.03,169.67,1,-1,-1,-1
60,27,386.92,212.10,71.15,160.79,1,-1,-1,-1
60,29,379.50,196.38,37.54,72.76,1,-1,-1,-1
60,33,501.60,215.89,64.57,134.35,1,-1,-1,-1
60,35,325.93,211.81,26.88,23.64,1,-1,-1,-1
61,3,544.53,151.49,111.29,310.98,1,-1,-1,-1
61,9,72.14,215.58,23.38,25.31,1,-1,-1,-1
61,19,237.88,183.94,106.12,240.22,1,-1,-1,-1
61,21,369.28,198.08,62.82,169.91,1,-1,-1,-1
61,27,393.23,211.23,68.68,159.63,1,-1,-1,-1
61,29,383.43,196.44,37.54,72.75,1,-1,-1,-1
61,33,507.18,214.13,65.14,136.00,1,-1,-1,-1
61,35,325.00,211.79,28.16,24.66,1,-1,-1,-1
62,3,545.86,151.81,108.38,309.35,1,-1,-1,-1
62,5,369.45,203.13,86.31,168.85,1,-1,-1,-1
62,9,72.06,215.88,23.35,25.14,1,-1,-1,-1
62,19,241.72,184.56,109.45,239.80,1,-1,-1,-1
62,21,371.98,197.61,62.26,169.17,1,-1,-1,-1
62,27,400.44,211.68,64.93,153.41,1,-1,-1,-1
62,33,513.09,209.83,65.53,140.25,1,-1,-1,-1
62,35,325.08,211.81,28.51,24.96,1,-1,-1,-1
63,3,550.10,171.76,99.83,288.56,1,-1,-1,-1
63,5,385.43,204.42,84.55,165.40,1,-1,-1,-1
63,9,72.11,216.49,22.87,24.47,1,-1,-1,-1
63,19,247.29,185.82,111.01,238.71,1,-1,-1,-1
63,21,375.42,197.34,63.46,170.65,1,-1,-1,-1
63,27,407.04,212.17,65.64,159.05,1,-1,-1,-1
63,33,520.72,207.87,64.22,143.06,1,-1,-1,-1
64,3,553.94,183.45,94.43,276.76,1,-1,-1,-1
64,9,72.14,215.92,23.58,25.08,1,-1,-1,-1
64,19,256.48,184.22,111.69,240.18,1,-1,-1,-1
64,21,377.78,197.74,64.14,169.81,1,-1,-1,-1
64,27,414.96,215.58,64.97,157.13,1,-1,-1,-1
64,33,527.43,207.21,62.55,144.30,1,-1,-1,-1
65,3,559.01,190.35,90.31,269.89,1,-1,-1,-1
65,9,72.05,215.83,23.78,25.20,1,-1,-1,-1
65,19,268.28,182.61,110.16,241.51,1,-1,-1,-1
65,21,378.07,199.47,63.96,167.48,1,-1,-1,-1
65,27,419.42,213.33,66.33,159.40,1,-1,-1,-1
65,29,400.71,198.05,36.82,72.34,1,-1,-1,-1
65,33,533.75,207.68,60.95,143.42,1,-1,-1,-1
66,3,568.64,202.70,83.54,257.68,1,-1,-1,-1
66,9,71.94,216.45,23.71,25.04,1,-1,-1,-1
66,19,280.65,179.96,107.69,244.10,1,-1,-1,-1
66,21,379.36,198.72,64.19,167.96,1,-1,-1,-1
66,27,426.24,213.95,68.34,159.41,1,-1,-1,-1
66,29,403.55,197.72,36.78,73.11,1,-1,-1,-1
66,33,542.38,208.02,61.76,143.50,1,-1,-1,-1
67,3,579.33,215.30,76.52,247.04,1,-1,-1,-1
67,9,72.16,216.56,23.05,24.17,1,-1,-1,-1
67,19,294.64,177.80,104.76,246.36,1,-1,-1,-1
67,21,388.09,206.37,62.89,160.53,1,-1,-1,-1
67,27,430.07,213.84,70.46,159.43,1,-1,-1,-1
67,29,408.35,198.88,34.49,68.17,1,-1,-1,-1
67,33,548.75,210.50,62.53,141.15,1,-1,-1,-1
68,3,585.12,221.18,74.82,241.53,1,-1,-1,-1
68,9,71.93,216.81,23.34,24.45,1,-1,-1,-1
68,19,305.21,176.44,103.05,250.26,1,-1,-1,-1
68,21,392.95,201.16,65.80,166.42,1,-1,-1,-1
68,27,431.46,215.55,72.20,158.10,1,-1,-1,-1
68,29,412.36,199.12,34.23,67.68,1,-1,-1,-1
68,33,552.71,212.66,63.88,139.31,1,-1,-1,-1
69,9,71.93,216.76,23.41,24.41,1,-1,-1,-1
69,19,319.03,175.03,103.40,252.40,1,-1,-1,-1
69,21,399.13,199.23,66.45,168.31,1,-1,-1,-1
69,27,431.96,215.88,74.85,159.30,1,-1,-1,-1
69,33,555.17,215.60,65.07,136.89,1,-1,-1,-1
70,9,71.96,216.61,23.06,23.98,1,-1,-1,-1
70,19,332.01,176.40,104.64,249.82,1,-1,-1,-1
70,21,406.87,197.17,68.57,173.50,1,-1,-1,-1
70,27,435.19,216.33,76.20,159.64,1,-1,-1,-1
70,33,557.43,213.96,67.44,139.26,1,-1,-1,-1
71,9,71.86,216.96,23.41,24.32,1,-1,-1,-1
71,19,340.83,177.92,107.37,248.03,1,-1,-1,-1
71,21,409.26,196.45,65.74,170.74,1,-1,-1,-1
71,27,437.72,215.90,77.03,160.39,1,-1,-1,-1
71,33,559.68,213.52,68.08,139.84,1,-1,-1,-1
