3,1,574.72,84.39,63.49,198.54,1,-1,-1,-1
3,2,352.50,80.65,89.77,249.08,1,-1,-1,-1
3,3,441.48,91.09,88.17,240.06,1,-1,-1,-1
3,4,184.06,93.62,78.71,227.20,1,-1,-1,-1
3,5,84.92,101.74,66.60,218.48,1,-1,-1,-1
3,6,516.50,113.09,42.81,123.38,1,-1,-1,-1
4,1,573.73,85.14,63.46,197.89,1,-1,-1,-1
4,2,356.62,81.65,89.59,248.31,1,-1,-1,-1
4,3,444.01,89.56,88.02,240.28,1,-1,-1,-1
4,4,191.55,93.01,78.75,228.00,1,-1,-1,-1
4,5,75.67,103.79,67.13,217.74,1,-1,-1,-1
4,6,516.49,113.64,42.52,122.30,1,-1,-1,-1
4,8,181.27,95.07,35.79,161.37,1,-1,-1,-1
5,1,572.51,86.23,63.41,196.71,1,-1,-1,-1
5,2,361.22,84.09,88.95,245.64,1,-1,-1,-1
5,3,445.83,88.48,86.85,238.57,1,-1,-1,-1
5,4,198.26,91.80,79.08,228.91,1,-1,-1,-1
5,5,68.97,104.34,68.42,218.68,1,-1,-1,-1
5,6,514.36,114.09,42.34,121.49,1,-1,-1,-1
5,8,182.15,95.16,35.69,160.11,1,-1,-1,-1
6,1,571.33,86.65,63.69,196.15,1,-1,-1,-1
6,2,365.24,85.54,88.53,243.49,1,-1,-1,-1
6,3,447.08,87.52,85.78,237.87,1,-1,-1,-1
6,4,204.24,90.80,79.33,229.35,1,-1,-1,-1
6,5,63.72,104.80,69.56,218.24,1,-1,-1,-1
6,6,513.25,114.18,43.11,123.16,1,-1,-1,-1
6,8,182.65,95.40,36.33,161.76,1,-1,-1,-1
7,1,569.35,87.34,63.78,195.01,1,-1,-1,-1
7,2,368.16,86.54,88.16,241.29,1,-1,-1,-1
7,3,452.35,86.68,85.42,237.91,1,-1,-1,-1
7,4,210.77,92.12,78.95,227.92,1,-1,-1,-1
7,5,59.36,104.53,70.89,219.34,1,-1,-1,-1
7,6,514.83,113.58,42.81,122.65,1,-1,-1,-1
7,8,182.71,95.66,36.85,162.18,1,-1,-1,-1
8,1,562.90,88.71,63.93,193.31,1,-1,-1,-1
8,2,370.15,86.94,88.15,240.48,1,-1,-1,-1
8,3,456.87,86.11,84.97,237.73,1,-1,-1,-1
8,4,216.35,93.77,78.68,225.98,1,-1,-1,-1
8,5,55.27,104.21,71.78,220.36,1,-1,-1,-1
8,6,514.66,113.80,42.67,122.25,1,-1,-1,-1
8,8,183.38,95.77,37.11,161.15,1,-1,-1,-1
9,1,561.97,88.70,64.03,193.37,1,-1,-1,-1
9,2,372.14,86.17,88.48,241.07,1,-1,-1,-1
9,3,460.19,86.40,84.39,237.53,1,-1,-1,-1
9,4,223.69,95.88,78.09,222.69,1,-1,-1,-1
9,5,50.91,103.54,71.96,221.14,1,-1,-1,-1
9,8,183.53,95.87,37.15,159.30,1,-1,-1,-1
9,9,612.00,109.18,27.59,130.06,1,-1,-1,-1
10,1,561.01,88.51,63.94,193.68,1,-1,-1,-1
10,2,373.33,84.98,88.84,241.80,1,-1,-1,-1
10,3,463.85,86.59,83.64,236.59,1,-1,-1,-1
10,4,228.22,96.95,78.47,221.71,1,-1,-1,-1
10,5,44.89,102.63,71.64,221.82,1,-1,-1,-1
10,8,183.08,95.77,37.42,158.22,1,-1,-1,-1
10,9,611.80,109.40,27.56,129.92,1,-1,-1,-1
11,1,559.13,87.65,63.92,194.63,1,-1,-1,-1
11,2,375.21,83.24,88.96,242.01,1,-1,-1,-1
11,3,469.86,87.57,83.26,235.32,1,-1,-1,-1
11,4,231.18,97.80,79.09,221.04,1,-1,-1,-1
11,5,37.83,100.26,71.40,224.42,1,-1,-1,-1
11,8,182.81,95.88,37.66,157.26,1,-1,-1,-1
11,9,610.61,111.48,26.90,125.71,1,-1,-1,-1
12,1,556.01,86.94,63.80,195.22,1,-1,-1,-1
12,2,376.95,81.78,88.62,240.97,1,-1,-1,-1
12,3,473.18,88.75,83.40,233.89,1,-1,-1,-1
12,4,234.59,98.38,79.41,219.68,1,-1,-1,-1
12,5,30.35,99.57,70.82,225.48,1,-1,-1,-1
12,8,182.67,96.06,37.93,156.54,1,-1,-1,-1
12,9,609.58,109.69,27.80,128.75,1,-1,-1,-1
13,1,552.89,86.85,64.77,198.87,1,-1,-1,-1
13,2,379.05,80.73,88.76,241.35,1,-1,-1,-1
13,3,477.26,89.37,83.91,233.30,1,-1,-1,-1
13,4,238.73,97.26,79.81,219.71,1,-1,-1,-1
13,5,25.39,98.83,69.88,225.22,1,-1,-1,-1
13,8,182.46,95.74,38.30,156.52,1,-1,-1,-1
13,9,608.31,109.47,28.32,129.22,1,-1,-1,-1
14,1,551.81,86.70,63.48,195.83,1,-1,-1,-1
14,2,381.49,80.05,88.47,240.58,1,-1,-1,-1
14,3,481.60,91.69,83.23,230.00,1,-1,-1,-1
14,4,242.57,95.25,79.60,219.17,1,-1,-1,-1
14,5,16.75,98.78,70.22,226.01,1,-1,-1,-1
14,8,181.96,95.61,38.74,156.49,1,-1,-1,-1
14,9,606.43,108.60,28.98,129.13,1,-1,-1,-1
15,1,550.31,86.65,62.65,194.62,1,-1,-1,-1
15,2,384.07,80.08,88.13,239.98,1,-1,-1,-1
15,3,485.12,92.88,83.67,228.77,1,-1,-1,-1
15,4,245.16,92.73,79.44,219.52,1,-1,-1,-1
15,5,8.38,99.28,71.21,226.02,1,-1,-1,-1
15,8,181.80,95.36,39.10,156.58,1,-1,-1,-1
15,9,605.32,109.08,29.72,129.43,1,-1,-1,-1
16,1,549.10,86.73,61.18,191.06,1,-1,-1,-1
16,2,387.24,80.37,87.98,239.51,1,-1,-1,-1
16,3,486.39,93.27,84.14,228.13,1,-1,-1,-1
16,4,247.47,90.91,79.40,220.62,1,-1,-1,-1
16,5,4.21,100.44,72.28,226.00,1,-1,-1,-1
16,8,181.09,95.08,39.66,157.34,1,-1,-1,-1
16,9,603.40,108.96,30.65,129.56,1,-1,-1,-1
17,1,547.02,87.12,61.27,191.94,1,-1,-1,-1
17,2,390.93,81.08,88.03,239.19,1,-1,-1,-1
17,3,487.07,93.37,84.21,227.67,1,-1,-1,-1
17,4,250.04,89.79,78.79,220.99,1,-1,-1,-1
17,5,2.69,101.86,73.39,226.32,1,-1,-1,-1
17,8,180.46,95.07,40.18,158.38,1,-1,-1,-1
17,9,602.02,108.63,31.60,130.13,1,-1,-1,-1
18,1,544.95,89.18,60.24,189.55,1,-1,-1,-1
18,2,394.24,82.36,87.62,237.56,1,-1,-1,-1
18,3,487.33,91.06,84.98,229.77,1,-1,-1,-1
18,4,252.95,89.94,77.95,221.04,1,-1,-1,-1
18,5,1.94,102.27,74.54,227.12,1,-1,-1,-1
18,8,180.20,95.22,40.13,157.19,1,-1,-1,-1
18,9,599.88,108.11,32.89,130.87,1,-1,-1,-1
19,1,545.59,89.78,59.28,189.92,1,-1,-1,-1
19,2,398.70,83.91,87.74,236.31,1,-1,-1,-1
19,3,489.08,89.62,85.28,230.89,1,-1,-1,-1
19,4,257.38,91.13,77.11,219.52,1,-1,-1,-1
19,5,1.37,102.53,75.32,227.20,1,-1,-1,-1
19,8,179.79,95.13,40.38,157.49,1,-1,-1,-1
19,9,598.39,107.71,34.17,131.76,1,-1,-1,-1
20,1,547.69,90.50,57.86,188.72,1,-1,-1,-1
20,2,403.09,85.45,87.41,234.47,1,-1,-1,-1
20,3,493.62,88.46,85.14,230.97,1,-1,-1,-1
20,4,262.55,92.71,76.94,217.95,1,-1,-1,-1
20,5,0.42,102.57,75.71,226.99,1,-1,-1,-1
20,8,179.40,94.91,40.60,157.73,1,-1,-1,-1
20,9,597.44,108.23,35.24,131.51,1,-1,-1,-1
21,1,551.61,100.61,53.34,177.63,1,-1,-1,-1
21,2,405.60,86.81,87.14,232.88,1,-1,-1,-1
21,3,499.81,88.37,84.42,229.15,1,-1,-1,-1
21,4,267.80,95.15,76.78,215.80,1,-1,-1,-1
21,5,-1.51,101.24,75.98,228.19,1,-1,-1,-1
21,8,178.86,94.81,40.85,157.88,1,-1,-1,-1
21,9,596.37,108.98,36.31,130.98,1,-1,-1,-1
22,1,550.83,102.15,52.78,175.78,1,-1,-1,-1
22,2,408.87,87.70,86.93,231.63,1,-1,-1,-1
22,3,503.97,87.02,84.39,230.04,1,-1,-1,-1
22,4,271.19,97.06,76.54,213.95,1,-1,-1,-1
22,5,-5.19,98.16,75.52,230.14,1,-1,-1,-1
22,8,178.83,94.81,40.97,157.64,1,-1,-1,-1
22,9,595.15,108.30,37.62,132.09,1,-1,-1,-1
23,2,410.52,87.54,86.95,231.21,1,-1,-1,-1
23,3,508.12,85.71,84.45,229.94,1,-1,-1,-1
23,4,272.55,98.09,76.14,212.74,1,-1,-1,-1
23,5,-9.13,96.01,73.50,230.11,1,-1,-1,-1
23,8,178.58,94.72,41.21,158.06,1,-1,-1,-1
23,9,593.69,108.52,38.68,132.07,1,-1,-1,-1
24,2,413.42,87.20,87.59,231.29,1,-1,-1,-1
24,3,509.85,86.84,84.00,228.35,1,-1,-1,-1
24,4,274.17,97.96,75.96,212.18,1,-1,-1,-1
24,5,-15.05,89.47,72.18,236.81,1,-1,-1,-1
24,8,178.65,94.73,41.21,157.65,1,-1,-1,-1
24,9,592.38,108.43,39.58,131.76,1,-1,-1,-1
25,2,415.40,85.98,88.37,232.35,1,-1,-1,-1
25,3,511.16,87.94,83.88,227.01,1,-1,-1,-1
25,4,276.39,97.85,75.60,211.11,1,-1,-1,-1
25,5,-20.83,85.28,69.42,243.11,1,-1,-1,-1
25,8,178.15,94.49,41.48,158.15,1,-1,-1,-1
25,9,591.40,109.25,40.57,131.44,1,-1,-1,-1
26,2,420.29,85.37,88.83,231.02,1,-1,-1,-1
26,3,514.73,89.65,83.43,225.74,1,-1,-1,-1
26,4,279.46,97.90,74.66,209.51,1,-1,-1,-1
26,5,-21.73,80.89,66.05,246.47,1,-1,-1,-1
26,8,177.93,94.59,41.61,158.27,1,-1,-1,-1
26,9,590.65,109.52,41.12,130.98,1,-1,-1,-1
27,1,502.70,96.06,54.47,186.50,1,-1,-1,-1
27,2,424.70,83.38,89.31,230.42,1,-1,-1,-1
27,3,517.87,90.93,83.11,224.88,1,-1,-1,-1
27,4,285.49,97.23,73.99,208.37,1,-1,-1,-1
27,5,-26.23,79.08,66.56,248.40,1,-1,-1,-1
27,8,177.97,94.84,41.45,157.52,1,-1,-1,-1
27,9,589.41,109.02,41.93,131.48,1,-1,-1,-1
28,1,500.32,95.45,52.65,188.55,1,-1,-1,-1
28,2,429.29,81.63,90.05,231.36,1,-1,-1,-1
28,3,521.20,91.82,83.64,224.69,1,-1,-1,-1
28,4,292.69,95.89,73.40,207.89,1,-1,-1,-1
28,8,177.67,94.81,41.69,158.19,1,-1,-1,-1
28,9,588.93,108.46,42.92,132.55,1,-1,-1,-1
29,1,498.36,94.31,51.85,189.00,1,-1,-1,-1
29,2,431.58,80.88,90.14,232.15,1,-1,-1,-1
29,3,525.14,91.40,83.62,225.03,1,-1,-1,-1
29,4,298.70,94.85,73.08,208.25,1,-1,-1,-1
29,8,177.20,94.69,41.80,157.98,1,-1,-1,-1
29,9,588.45,106.95,44.11,133.89,1,-1,-1,-1
30,1,497.98,94.12,51.27,188.53,1,-1,-1,-1
30,2,435.11,81.01,90.36,232.53,1,-1,-1,-1
30,3,527.98,92.08,82.88,223.83,1,-1,-1,-1
30,4,304.29,94.67,72.89,207.61,1,-1,-1,-1
30,8,177.10,94.80,41.81,157.75,1,-1,-1,-1
30,9,589.19,106.76,44.69,133.53,1,-1,-1,-1
31,1,497.95,93.88,50.60,187.34,1,-1,-1,-1
31,2,437.68,81.53,90.47,232.42,1,-1,-1,-1
31,3,531.25,92.71,82.04,222.06,1,-1,-1,-1
31,4,309.45,93.90,73.45,208.15,1,-1,-1,-1
31,8,176.76,94.99,41.92,157.72,1,-1,-1,-1
31,9,588.96,107.29,44.83,132.11,1,-1,-1,-1
32,1,503.29,99.12,50.64,180.96,1,-1,-1,-1
32,2,440.60,82.18,90.43,232.10,1,-1,-1,-1
32,3,535.27,92.86,81.58,221.34,1,-1,-1,-1
32,4,313.45,93.92,73.50,207.81,1,-1,-1,-1
32,8,176.58,95.25,41.96,157.16,1,-1,-1,-1
32,9,588.56,107.17,44.85,132.18,1,-1,-1,-1
33,1,503.37,101.25,50.69,176.63,1,-1,-1,-1
33,2,443.71,83.15,90.20,231.09,1,-1,-1,-1
33,3,539.13,91.88,80.86,221.61,1,-1,-1,-1
33,4,318.83,95.65,73.03,205.89,1,-1,-1,-1
33,8,176.42,95.05,42.19,157.43,1,-1,-1,-1
34,1,500.59,100.02,51.21,177.51,1,-1,-1,-1
34,2,444.93,85.28,88.73,228.84,1,-1,-1,-1
34,3,542.15,91.95,80.07,220.89,1,-1,-1,-1
34,4,323.00,97.93,72.57,203.68,1,-1,-1,-1
34,8,176.37,95.51,42.16,156.81,1,-1,-1,-1
35,1,498.65,96.70,52.07,181.55,1,-1,-1,-1
35,2,450.43,88.53,87.21,224.68,1,-1,-1,-1
35,3,549.86,90.96,80.66,220.63,1,-1,-1,-1
35,4,325.93,99.30,72.57,201.86,1,-1,-1,-1
35,8,176.39,95.40,42.28,156.90,1,-1,-1,-1
36,1,497.73,95.91,51.41,182.05,1,-1,-1,-1
36,2,453.60,89.69,86.91,222.89,1,-1,-1,-1
36,3,552.65,89.81,80.58,220.07,1,-1,-1,-1
36,4,327.61,99.52,72.98,201.50,1,-1,-1,-1
36,8,176.25,95.35,42.39,156.50,1,-1,-1,-1
37,1,495.53,95.87,51.35,181.85,1,-1,-1,-1
37,2,456.38,90.74,86.34,220.50,1,-1,-1,-1
37,3,554.96,88.34,80.67,220.11,1,-1,-1,-1
37,4,331.03,99.09,73.28,201.43,1,-1,-1,-1
37,8,175.92,95.35,42.58,156.60,1,-1,-1,-1
38,2,458.78,90.82,86.58,220.61,1,-1,-1,-1
38,3,556.93,87.49,80.84,220.95,1,-1,-1,-1
38,4,335.20,98.09,73.59,202.35,1,-1,-1,-1
38,8,175.74,95.61,42.76,156.82,1,-1,-1,-1
39,2,460.70,89.84,87.26,222.14,1,-1,-1,-1
39,3,558.49,87.15,80.50,221.30,1,-1,-1,-1
39,4,339.94,96.96,72.90,201.54,1,-1,-1,-1
39,8,175.56,95.59,43.00,157.21,1,-1,-1,-1
40,2,462.56,87.49,87.81,224.41,1,-1,-1,-1
40,3,559.51,88.20,79.24,219.97,1,-1,-1,-1
40,4,344.25,95.11,72.27,201.23,1,-1,-1,-1
40,8,175.41,95.60,43.09,157.08,1,-1,-1,-1
40,14,444.14,109.08,29.93,119.81,1,-1,-1,-1
41,2,465.59,86.41,86.81,222.37,1,-1,-1,-1
41,3,562.07,88.95,78.19,219.27,1,-1,-1,-1
41,4,347.39,93.82,72.12,202.34,1,-1,-1,-1
41,8,175.62,95.55,43.12,156.83,1,-1,-1,-1
41,14,443.46,109.13,30.55,122.65,1,-1,-1,-1
42,2,467.90,85.53,86.27,221.39,1,-1,-1,-1
42,3,562.82,89.65,77.81,218.74,1,-1,-1,-1
42,4,349.64,93.43,71.41,202.17,1,-1,-1,-1
42,8,175.33,95.22,43.30,157.37,1,-1,-1,-1
42,14,442.18,109.27,31.42,126.55,1,-1,-1,-1
43,2,467.29,84.59,86.76,221.51,1,-1,-1,-1
43,3,566.26,90.35,76.81,218.15,1,-1,-1,-1
43,4,351.57,93.29,70.81,202.12,1,-1,-1,-1
43,8,175.19,95.07,43.44,157.76,1,-1,-1,-1
43,14,441.27,109.51,32.05,130.06,1,-1,-1,-1
44,2,468.99,84.26,87.54,221.38,1,-1,-1,-1
44,3,568.64,91.88,75.45,216.65,1,-1,-1,-1
44,4,356.23,93.95,70.28,201.75,1,-1,-1,-1
44,8,175.12,94.83,43.40,157.40,1,-1,-1,-1
44,14,440.62,110.41,31.55,128.91,1,-1,-1,-1
45,1,457.74,91.66,51.54,188.10,1,-1,-1,-1
45,2,469.09,84.75,88.53,221.30,1,-1,-1,-1
45,3,571.19,93.08,73.79,214.88,1,-1,-1,-1
45,4,362.30,95.00,69.96,199.91,1,-1,-1,-1
45,8,174.99,94.71,43.32,157.10,1,-1,-1,-1
45,14,439.92,110.87,31.37,128.21,1,-1,-1,-1
46,1,454.50,92.12,50.06,187.17,1,-1,-1,-1
46,2,478.41,85.56,87.32,220.17,1,-1,-1,-1
46,3,572.36,93.23,72.82,214.86,1,-1,-1,-1
46,4,366.74,96.25,69.98,198.60,1,-1,-1,-1
46,8,174.68,94.64,43.46,157.56,1,-1,-1,-1
46,14,437.78,110.79,31.12,127.99,1,-1,-1,-1
47,1,453.55,94.01,48.67,183.15,1,-1,-1,-1
47,2,486.18,86.37,87.14,218.70,1,-1,-1,-1
47,3,573.78,90.50,72.54,217.97,1,-1,-1,-1
47,4,370.92,98.74,69.87,196.10,1,-1,-1,-1
47,8,174.81,94.81,43.49,157.12,1,-1,-1,-1
47,14,436.09,111.58,30.75,127.22,1,-1,-1,-1
48,1,453.16,94.40,48.32,182.27,1,-1,-1,-1
48,2,490.66,87.40,87.65,218.06,1,-1,-1,-1
48,3,575.37,89.83,71.45,218.88,1,-1,-1,-1
48,4,373.11,100.81,69.60,194.13,1,-1,-1,-1
48,8,174.65,94.59,43.55,157.39,1,-1,-1,-1
48,14,435.01,112.20,30.38,126.50,1,-1,-1,-1
49,1,451.44,94.58,48.18,182.08,1,-1,-1,-1
49,2,494.99,88.64,87.80,216.82,1,-1,-1,-1
49,3,577.35,90.23,69.71,217.93,1,-1,-1,-1
49,4,374.22,101.78,69.37,193.07,1,-1,-1,-1
49,8,174.57,94.63,43.56,157.35,1,-1,-1,-1
49,14,433.11,112.62,29.86,125.42,1,-1,-1,-1
50,1,449.86,94.70,48.13,179.84,1,-1,-1,-1
50,2,498.25,90.08,88.09,215.27,1,-1,-1,-1
50,3,579.59,89.55,67.91,217.17,1,-1,-1,-1
50,4,376.29,101.71,69.20,192.46,1,-1,-1,-1
50,8,174.81,94.62,43.72,158.13,1,-1,-1,-1
50,14,432.49,112.61,28.25,121.11,1,-1,-1,-1
51,1,447.90,94.48,49.00,180.47,1,-1,-1,-1
51,2,499.40,90.70,88.39,214.19,1,-1,-1,-1
51,3,582.60,89.73,65.43,214.66,1,-1,-1,-1
51,4,378.79,99.99,69.53,193.55,1,-1,-1,-1
51,8,174.61,94.59,43.64,157.68,1,-1,-1,-1
51,14,431.30,112.93,28.20,120.90,1,-1,-1,-1
52,1,446.14,94.46,49.56,180.26,1,-1,-1,-1
52,2,501.19,90.66,89.05,214.18,1,-1,-1,-1
52,3,584.85,88.51,63.62,214.56,1,-1,-1,-1
52,4,383.93,99.24,69.05,192.34,1,-1,-1,-1
52,8,174.83,94.60,43.50,157.17,1,-1,-1,-1
53,1,445.70,93.78,49.86,181.20,1,-1,-1,-1
53,2,503.72,89.90,89.93,214.64,1,-1,-1,-1
53,3,585.33,87.39,62.46,215.66,1,-1,-1,-1
53,4,390.13,98.77,68.54,191.46,1,-1,-1,-1
53,8,174.94,94.83,43.39,156.59,1,-1,-1,-1
54,1,447.99,94.05,48.08,180.67,1,-1,-1,-1
54,2,506.81,89.67,90.60,214.46,1,-1,-1,-1
54,3,586.17,85.48,61.38,217.16,1,-1,-1,-1
54,4,396.50,96.24,68.62,193.37,1,-1,-1,-1
54,8,174.80,94.70,43.39,156.87,1,-1,-1,-1
55,1,446.08,94.52,48.04,181.56,1,-1,-1,-1
55,2,509.24,88.88,91.36,214.86,1,-1,-1,-1
55,3,587.99,86.47,59.48,215.91,1,-1,-1,-1
55,4,400.94,94.85,68.09,193.45,1,-1,-1,-1
55,8,174.65,94.58,43.37,156.79,1,-1,-1,-1
56,1,445.37,94.50,47.64,181.93,1,-1,-1,-1
56,2,511.50,87.49,91.15,214.65,1,-1,-1,-1
56,3,591.11,89.13,56.95,213.12,1,-1,-1,-1
56,4,406.16,94.65,68.45,194.31,1,-1,-1,-1
56,8,174.53,94.54,43.50,157.24,1,-1,-1,-1
57,1,445.58,95.85,46.66,180.88,1,-1,-1,-1
57,2,514.09,86.69,90.08,214.12,1,-1,-1,-1
57,3,595.84,94.43,53.50,208.23,1,-1,-1,-1
57,4,410.89,94.91,68.77,194.30,1,-1,-1,-1
57,8,174.16,94.56,43.60,157.20,1,-1,-1,-1
57,18,394.27,320.94,21.47,32.51,1,-1,-1,-1
58,1,444.95,97.23,45.59,178.87,1,-1,-1,-1
58,2,517.82,85.99,88.78,214.75,1,-1,-1,-1
58,3,599.27,100.93,49.89,201.72,1,-1,-1,-1
58,4,414.25,96.44,68.34,191.56,1,-1,-1,-1
58,8,174.33,94.82,43.56,156.97,1,-1,-1,-1
58,18,394.26,320.90,21.49,32.55,1,-1,-1,-1
59,1,443.42,97.53,45.49,178.51,1,-1,-1,-1
59,2,523.89,85.98,88.12,214.52,1,-1,-1,-1
59,3,603.09,103.05,46.95,198.79,1,-1,-1,-1
59,4,415.49,96.79,68.62,190.96,1,-1,-1,-1
59,8,174.44,94.88,43.65,157.05,1,-1,-1,-1
60,2,527.77,86.02,87.34,214.44,1,-1,-1,-1
60,3,605.72,110.50,43.30,190.86,1,-1,-1,-1
60,4,419.00,97.09,68.71,190.82,1,-1,-1,-1
60,8,174.43,95.04,43.69,156.90,1,-1,-1,-1
61,2,530.54,85.88,86.73,214.54,1,-1,-1,-1
61,3,606.88,113.47,41.08,187.90,1,-1,-1,-1
61,4,421.79,99.49,68.43,188.64,1,-1,-1,-1
61,8,174.38,94.69,43.85,157.02,1,-1,-1,-1
62,1,404.85,99.83,44.42,172.06,1,-1,-1,-1
62,2,533.56,86.93,85.38,212.99,1,-1,-1,-1
62,3,611.82,116.40,34.08,160.86,1,-1,-1,-1
62,4,426.26,100.66,68.68,187.74,1,-1,-1,-1
62,8,174.43,94.57,44.19,157.77,1,-1,-1,-1
62,18,395.57,320.48,21.68,33.24,1,-1,-1,-1
63,1,400.49,97.31,46.01,174.84,1,-1,-1,-1
63,2,537.29,88.90,83.81,210.24,1,-1,-1,-1
63,3,613.81,118.71,32.88,155.21,1,-1,-1,-1
63,4,430.91,100.20,69.05,188.22,1,-1,-1,-1
63,8,174.13,94.54,44.28,157.62,1,-1,-1,-1
63,18,395.42,319.95,21.21,32.84,1,-1,-1,-1
64,1,399.52,95.96,47.02,176.59,1,-1,-1,-1
64,2,541.21,89.84,82.96,209.36,1,-1,-1,-1
64,4,434.26,98.81,68.90,187.35,1,-1,-1,-1
64,8,174.32,94.48,44.34,157.62,1,-1,-1,-1
64,18,395.53,319.80,21.24,32.89,1,-1,-1,-1
65,1,399.33,95.33,48.22,177.01,1,-1,-1,-1
65,2,545.43,90.21,82.32,208.18,1,-1,-1,-1
65,4,436.97,97.33,68.42,186.34,1,-1,-1,-1
65,8,174.36,94.33,44.73,158.56,1,-1,-1,-1
66,1,400.13,95.39,49.72,176.10,1,-1,-1,-1
66,2,547.78,90.13,82.06,208.52,1,-1,-1,-1
66,4,438.87,96.11,68.77,187.94,1,-1,-1,-1
66,8,174.84,94.28,44.79,158.19,1,-1,-1,-1
67,1,398.78,94.82,51.35,177.11,1,-1,-1,-1
67,2,550.50,90.26,81.68,208.42,1,-1,-1,-1
67,4,441.17,95.10,68.59,188.37,1,-1,-1,-1
67,8,175.13,94.36,44.84,157.97,1,-1,-1,-1
68,1,395.09,94.12,52.25,178.04,1,-1,-1,-1
68,2,551.32,89.86,81.25,208.93,1,-1,-1,-1
68,4,442.72,94.52,68.37,189.18,1,-1,-1,-1
68,8,175.20,94.54,45.18,158.40,1,-1,-1,-1
68,18,392.63,318.66,20.36,31.69,1,-1,-1,-1
69,1,393.42,93.17,52.93,178.16,1,-1,-1,-1
69,2,552.83,89.55,80.37,208.31,1,-1,-1,-1
69,4,445.33,94.43,67.81,188.68,1,-1,-1,-1
69,8,175.62,94.91,45.20,157.82,1,-1,-1,-1
69,18,392.99,318.95,19.85,30.99,1,-1,-1,-1
70,1,391.44,93.44,53.48,177.52,1,-1,-1,-1
70,2,554.44,88.03,79.55,207.51,1,-1,-1,-1
70,4,447.82,94.50,67.18,187.85,1,-1,-1,-1
70,8,175.77,94.98,45.37,157.74,1,-1,-1,-1
70,18,392.82,318.81,19.75,30.83,1,-1,-1,-1
71,1,389.00,94.20,53.93,177.39,1,-1,-1,-1
71,2,558.49,86.38,79.70,207.97,1,-1,-1,-1
71,3,612.70,108.11,33.00,165.83,1,-1,-1,-1
71,4,452.03,95.58,66.97,187.61,1,-1,-1,-1
71,8,174.83,95.04,45.99,157.78,1,-1,-1,-1
72,1,386.66,95.19,53.96,176.26,1,-1,-1,-1
72,2,561.23,85.69,79.44,208.25,1,-1,-1,-1
72,3,614.40,108.02,30.47,161.32,1,-1,-1,-1
72,4,455.15,96.46,66.60,187.32,1,-1,-1,-1
72,8,175.93,95.20,46.23,157.49,1,-1,-1,-1
73,1,384.50,95.51,54.17,175.72,1,-1,-1,-1
73,2,563.74,85.34,78.81,208.19,1,-1,-1,-1
73,3,614.88,107.86,30.24,160.10,1,-1,-1,-1
73,4,456.98,96.84,65.81,186.72,1,-1,-1,-1
73,8,176.61,94.53,46.86,158.43,1,-1,-1,-1
73,18,393.05,317.68,20.36,32.02,1,-1,-1,-1
74,1,381.86,95.56,54.48,175.86,1,-1,-1,-1
74,2,565.97,85.84,77.84,207.74,1,-1,-1,-1
74,4,459.74,97.43,64.91,185.55,1,-1,-1,-1
74,8,176.37,95.02,47.10,157.43,1,-1,-1,-1
74,18,392.95,317.46,20.37,32.03,1,-1,-1,-1
75,1,379.80,95.87,55.11,175.71,1,-1,-1,-1
75,2,568.06,87.15,76.42,206.33,1,-1,-1,-1
75,4,462.54,97.76,64.65,185.23,1,-1,-1,-1
75,8,176.58,94.88,48.14,158.48,1,-1,-1,-1
76,1,377.01,96.49,55.57,175.21,1,-1,-1,-1
76,2,570.27,89.49,74.72,204.39,1,-1,-1,-1
76,4,465.16,97.85,64.55,184.35,1,-1,-1,-1
76,8,177.43,94.65,48.67,158.50,1,-1,-1,-1
77,1,373.80,97.11,55.58,173.62,1,-1,-1,-1
77,2,570.99,89.92,73.73,204.08,1,-1,-1,-1
77,4,467.44,97.32,64.70,183.17,1,-1,-1,-1
77,8,177.32,94.99,49.06,157.40,1,-1,-1,-1
78,1,369.53,98.79,55.65,172.30,1,-1,-1,-1
78,2,574.94,89.91,71.99,203.74,1,-1,-1,-1
78,4,471.54,96.21,65.52,183.57,1,-1,-1,-1
78,8,178.70,94.50,49.58,158.24,1,-1,-1,-1
78,14,407.81,106.07,32.66,129.91,1,-1,-1,-1
78,22,562.68,110.44,21.25,97.03,1,-1,-1,-1
79,1,367.16,98.91,55.73,172.09,1,-1,-1,-1
79,2,576.50,91.25,70.19,202.26,1,-1,-1,-1
79,4,475.08,95.67,66.09,183.67,1,-1,-1,-1
79,8,178.91,94.56,50.15,158.16,1,-1,-1,-1
79,14,406.57,106.67,34.51,132.29,1,-1,-1,-1
79,22,561.73,109.95,21.69,96.97,1,-1,-1,-1
80,1,364.82,97.64,55.93,173.55,1,-1,-1,-1
80,2,577.66,91.44,68.56,200.93,1,-1,-1,-1
80,4,480.35,95.50,65.89,183.35,1,-1,-1,-1
80,8,179.49,95.13,50.68,157.99,1,-1,-1,-1
80,14,406.01,107.79,35.34,132.11,1,-1,-1,-1
80,22,562.77,109.56,22.30,97.01,1,-1,-1,-1
81,1,362.81,95.94,56.02,174.92,1,-1,-1,-1
81,2,575.72,91.39,68.00,200.50,1,-1,-1,-1
81,4,485.27,95.58,65.62,182.52,1,-1,-1,-1
81,8,180.03,94.89,51.24,158.39,1,-1,-1,-1
81,14,404.14,108.39,36.43,132.81,1,-1,-1,-1
81,18,392.41,317.03,19.86,31.32,1,-1,-1,-1
81,22,558.74,109.31,23.00,95.31,1,-1,-1,-1
82,1,361.69,94.85,55.11,173.01,1,-1,-1,-1
82,2,579.63,90.72,66.66,201.24,1,-1,-1,-1
82,4,488.37,96.43,65.33,181.70,1,-1,-1,-1
82,8,180.89,95.01,51.60,157.92,1,-1,-1,-1
82,14,403.20,108.42,36.93,132.48,1,-1,-1,-1
82,18,392.83,316.24,19.99,32.05,1,-1,-1,-1
82,22,556.47,110.36,23.33,93.96,1,-1,-1,-1
83,1,359.66,94.25,54.67,172.47,1,-1,-1,-1
83,2,582.84,89.32,65.15,202.27,1,-1,-1,-1
83,4,492.10,96.90,65.22,180.93,1,-1,-1,-1
83,8,181.14,95.09,51.98,157.52,1,-1,-1,-1
83,14,402.14,108.15,37.82,133.29,1,-1,-1,-1
83,18,392.77,316.04,20.01,32.08,1,-1,-1,-1
83,22,555.60,110.33,23.10,93.04,1,-1,-1,-1
84,1,358.48,93.55,54.57,172.37,1,-1,-1,-1
84,2,587.56,97.77,60.38,192.63,1,-1,-1,-1
84,4,495.31,97.68,65.08,179.58,1,-1,-1,-1
84,8,181.05,95.42,52.45,157.58,1,-1,-1,-1
84,14,401.39,107.59,38.57,134.02,1,-1,-1,-1
84,18,394.79,314.60,20.34,33.21,1,-1,-1,-1
84,24,562.83,115.50,42.84,155.27,1,-1,-1,-1
85,1,356.69,93.16,54.28,171.31,1,-1,-1,-1
85,2,591.91,102.53,56.31,185.25,1,-1,-1,-1
85,4,496.79,99.52,64.87,177.65,1,-1,-1,-1
85,8,181.14,95.39,52.79,157.12,1,-1,-1,-1
85,14,400.86,107.36,39.33,134.35,1,-1,-1,-1
85,18,396.05,314.72,20.14,33.48,1,-1,-1,-1
85,24,562.71,115.23,43.41,156.13,1,-1,-1,-1
86,1,355.31,93.25,53.99,170.04,1,-1,-1,-1
86,2,596.14,104.06,52.94,180.77,1,-1,-1,-1
86,4,499.56,100.96,65.36,176.34,1,-1,-1,-1
86,8,181.22,95.65,53.17,156.56,1,-1,-1,-1
86,14,400.78,107.30,39.86,134.43,1,-1,-1,-1
86,18,397.05,314.16,19.98,33.74,1,-1,-1,-1
86,24,562.23,113.84,44.04,156.79,1,-1,-1,-1
87,1,353.42,94.22,54.29,170.37,1,-1,-1,-1
87,2,599.78,104.32,50.44,179.89,1,-1,-1,-1
87,4,500.48,101.74,65.96,175.54,1,-1,-1,-1
87,8,181.33,95.92,53.73,156.50,1,-1,-1,-1
87,14,400.43,107.45,40.35,134.28,1,-1,-1,-1
87,18,397.81,314.27,19.23,32.50,1,-1,-1,-1
87,24,559.08,113.93,44.11,156.33,1,-1,-1,-1
88,1,351.50,95.87,54.24,169.50,1,-1,-1,-1
88,2,603.93,103.81,47.72,179.40,1,-1,-1,-1
88,4,501.06,101.35,67.24,176.90,1,-1,-1,-1
88,8,181.66,95.86,54.41,156.48,1,-1,-1,-1
88,14,399.80,107.34,40.74,134.22,1,-1,-1,-1
88,18,398.09,313.93,19.01,32.26,1,-1,-1,-1
88,24,556.13,112.05,45.09,158.79,1,-1,-1,-1
89,1,349.42,96.83,54.50,169.02,1,-1,-1,-1
89,2,607.37,105.26,44.19,175.24,1,-1,-1,-1
89,4,503.67,101.28,67.68,176.78,1,-1,-1,-1
89,8,181.96,96.13,54.87,155.81,1,-1,-1,-1
89,14,399.76,107.22,40.94,134.20,1,-1,-1,-1
89,18,397.68,313.76,19.46,33.02,1,-1,-1,-1
89,24,553.17,110.40,45.76,161.11,1,-1,-1,-1
90,1,344.12,95.87,56.04,170.41,1,-1,-1,-1
90,2,609.66,106.34,43.63,172.99,1,-1,-1,-1
90,4,506.64,100.96,67.31,176.65,1,-1,-1,-1
90,8,182.26,96.14,55.46,155.54,1,-1,-1,-1
90,14,399.28,107.68,41.08,133.74,1,-1,-1,-1
90,18,397.94,313.50,19.50,33.10,1,-1,-1,-1
90,24,553.25,110.27,45.32,160.89,1,-1,-1,-1
91,1,338.79,94.80,57.85,171.64,1,-1,-1,-1
91,4,515.56,99.86,66.91,175.62,1,-1,-1,-1
91,8,183.28,96.04,55.86,155.28,1,-1,-1,-1
91,14,398.28,108.02,41.20,133.36,1,-1,-1,-1
91,24,554.10,109.47,44.27,160.03,1,-1,-1,-1
92,1,336.25,95.26,58.97,171.09,1,-1,-1,-1
92,4,521.13,98.52,66.57,176.09,1,-1,-1,-1
92,8,183.50,95.92,56.63,156.18,1,-1,-1,-1
92,14,397.57,108.11,41.52,133.43,1,-1,-1,-1
92,24,552.97,108.91,44.39,160.46,1,-1,-1,-1
92,25,624.38,112.09,15.94,92.25,1,-1,-1,-1
93,1,332.60,96.39,60.12,169.66,1,-1,-1,-1
93,4,524.96,97.56,67.55,177.40,1,-1,-1,-1
93,8,183.83,96.03,57.06,156.32,1,-1,-1,-1
93,14,396.58,108.06,41.90,133.47,1,-1,-1,-1
93,18,398.94,313.32,18.15,31.22,1,-1,-1,-1
93,25,625.61,115.27,14.88,86.42,1,-1,-1,-1
94,1,330.75,97.52,60.84,168.33,1,-1,-1,-1
94,4,525.31,97.74,67.45,176.60,1,-1,-1,-1
94,8,185.37,95.92,57.07,156.20,1,-1,-1,-1
94,14,395.80,107.34,42.52,133.90,1,-1,-1,-1
94,18,399.21,313.11,18.08,31.10,1,-1,-1,-1
94,25,626.42,117.49,14.19,82.40,1,-1,-1,-1
95,1,329.07,98.51,61.24,167.36,1,-1,-1,-1
95,4,524.52,98.56,67.78,175.54,1,-1,-1,-1
95,8,186.24,95.69,56.99,155.98,1,-1,-1,-1
95,14,394.53,107.12,43.22,134.86,1,-1,-1,-1
96,1,328.78,98.67,61.53,167.26,1,-1,-1,-1
96,4,524.46,101.44,67.31,172.16,1,-1,-1,-1
96,8,186.68,95.53,57.05,156.17,1,-1,-1,-1
96,14,393.19,106.88,43.96,135.05,1,-1,-1,-1
97,1,326.94,99.19,61.86,167.00,1,-1,-1,-1
97,4,535.63,101.90,68.39,172.28,1,-1,-1,-1
97,8,187.02,95.44,56.91,155.66,1,-1,-1,-1
97,14,391.84,106.85,44.95,136.20,1,-1,-1,-1
98,1,326.03,99.02,62.10,167.11,1,-1,-1,-1
98,2,518.24,111.19,40.55,156.00,1,-1,-1,-1
98,4,544.72,101.97,68.92,171.56,1,-1,-1,-1
98,8,186.96,95.47,56.79,155.23,1,-1,-1,-1
98,14,391.23,107.77,45.54,135.60,1,-1,-1,-1
99,1,325.19,97.55,62.44,168.27,1,-1,-1,-1
99,2,513.20,112.34,41.55,155.03,1,-1,-1,-1
99,4,548.69,103.08,68.86,169.51,1,-1,-1,-1
99,8,186.97,95.28,56.75,154.99,1,-1,-1,-1
99,14,390.71,107.93,46.29,135.74,1,-1,-1,-1
100,1,323.18,95.82,62.94,170.09,1,-1,-1,-1
100,2,509.94,112.61,42.17,153.28,1,-1,-1,-1
100,4,549.67,103.54,69.22,169.09,1,-1,-1,-1
100,8,187.00,95.41,56.76,154.87,1,-1,-1,-1
100,14,389.92,107.73,46.98,135.90,1,-1,-1,-1
101,1,321.44,94.64,62.93,171.07,1,-1,-1,-1
101,2,507.43,111.91,42.93,153.27,1,-1,-1,-1
101,4,550.27,102.93,69.67,170.48,1,-1,-1,-1
101,8,186.83,95.61,56.74,154.58,1,-1,-1,-1
101,14,389.56,107.27,47.76,136.13,1,-1,-1,-1
102,1,319.03,94.30,62.58,170.67,1,-1,-1,-1
102,2,503.09,111.71,43.43,153.78,1,-1,-1,-1
102,4,550.90,102.76,69.48,170.59,1,-1,-1,-1
102,8,186.81,95.26,56.83,154.78,1,-1,-1,-1
102,14,389.26,106.93,48.33,136.42,1,-1,-1,-1
103,1,316.32,93.77,62.08,169.72,1,-1,-1,-1
103,2,499.57,111.62,43.86,154.05,1,-1,-1,-1
103,4,554.12,102.56,68.54,169.94,1,-1,-1,-1
103,8,186.69,94.99,56.93,155.10,1,-1,-1,-1
103,14,387.96,106.60,49.08,136.54,1,-1,-1,-1
104,1,314.38,93.99,61.76,169.06,1,-1,-1,-1
104,2,496.58,111.44,44.40,154.17,1,-1,-1,-1
104,4,559.32,101.93,67.10,168.87,1,-1,-1,-1
104,8,186.51,94.48,57.04,155.39,1,-1,-1,-1
104,14,386.94,106.36,49.70,136.65,1,-1,-1,-1
104,27,537.43,110.51,32.61,138.31,1,-1,-1,-1
105,1,312.59,94.40,61.20,168.26,1,-1,-1,-1
105,2,491.62,110.99,45.79,154.54,1,-1,-1,-1
105,4,564.57,100.79,66.51,169.59,1,-1,-1,-1
105,8,186.32,94.55,57.11,155.57,1,-1,-1,-1
105,14,386.46,106.14,50.16,137.05,1,-1,-1,-1
105,27,538.12,110.83,33.03,138.18,1,-1,-1,-1
106,1,311.13,94.37,60.66,167.67,1,-1,-1,-1
106,2,485.73,111.55,47.51,154.69,1,-1,-1,-1
106,4,570.51,99.64,65.64,170.09,1,-1,-1,-1
106,8,186.18,94.65,57.12,155.59,1,-1,-1,-1
106,14,386.31,105.95,50.55,137.17,1,-1,-1,-1
106,27,537.25,109.89,33.72,138.50,1,-1,-1,-1
107,1,309.95,94.14,60.38,167.72,1,-1,-1,-1
107,2,478.02,112.27,49.83,153.78,1,-1,-1,-1
107,4,575.56,99.15,65.35,170.73,1,-1,-1,-1
107,8,185.79,94.39,57.24,156.02,1,-1,-1,-1
107,14,386.20,105.86,50.86,137.55,1,-1,-1,-1
107,27,534.54,109.29,34.50,138.68,1,-1,-1,-1
108,1,309.07,93.86,60.24,168.23,1,-1,-1,-1
108,2,472.60,112.78,52.33,153.16,1,-1,-1,-1
108,4,579.01,98.75,64.65,170.72,1,-1,-1,-1
108,8,185.35,94.53,57.24,155.94,1,-1,-1,-1
108,14,386.15,106.05,50.87,138.26,1,-1,-1,-1
108,27,531.74,107.97,35.73,140.15,1,-1,-1,-1
109,1,308.03,93.45,60.00,168.59,1,-1,-1,-1
109,2,469.28,113.27,54.55,152.45,1,-1,-1,-1
109,4,581.55,99.80,63.28,169.22,1,-1,-1,-1
109,8,185.54,94.34,57.23,156.02,1,-1,-1,-1
109,14,386.38,106.02,50.89,138.73,1,-1,-1,-1
109,27,529.35,107.24,36.97,141.07,1,-1,-1,-1
110,1,306.55,94.06,59.64,168.23,1,-1,-1,-1
110,2,465.57,113.58,57.19,152.17,1,-1,-1,-1
110,4,582.81,99.87,62.37,169.04,1,-1,-1,-1
110,8,185.67,94.46,57.15,155.81,1,-1,-1,-1
110,14,386.82,105.70,50.88,139.32,1,-1,-1,-1
110,27,527.26,106.93,38.14,141.71,1,-1,-1,-1
111,1,305.27,94.91,59.26,167.48,1,-1,-1,-1
111,2,463.56,114.48,59.56,151.12,1,-1,-1,-1
111,4,584.21,100.66,61.18,168.30,1,-1,-1,-1
111,8,185.67,94.28,57.25,156.16,1,-1,-1,-1
111,14,387.07,105.87,50.70,139.11,1,-1,-1,-1
111,27,525.26,106.87,39.29,142.13,1,-1,-1,-1
112,1,304.62,95.93,58.75,166.40,1,-1,-1,-1
112,2,462.55,115.08,61.80,150.48,1,-1,-1,-1
112,4,586.12,99.99,60.26,169.20,1,-1,-1,-1
112,8,185.55,94.27,57.15,155.83,1,-1,-1,-1
112,14,387.88,106.05,50.61,139.03,1,-1,-1,-1
112,27,522.31,107.82,40.06,141.31,1,-1,-1,-1
113,1,304.13,96.61,58.28,165.18,1,-1,-1,-1
113,2,461.75,115.47,63.37,149.26,1,-1,-1,-1
113,4,588.39,99.61,58.90,169.43,1,-1,-1,-1
113,8,185.88,94.32,57.10,155.65,1,-1,-1,-1
113,14,389.06,105.78,50.62,139.44,1,-1,-1,-1
113,27,520.44,108.66,40.78,140.27,1,-1,-1,-1
114,1,303.36,96.97,57.99,164.82,1,-1,-1,-1
114,2,459.66,114.59,65.30,150.48,1,-1,-1,-1
114,4,590.90,100.16,57.05,168.64,1,-1,-1,-1
114,8,186.39,94.53,57.03,155.51,1,-1,-1,-1
114,14,389.41,107.01,50.34,138.54,1,-1,-1,-1
114,27,518.47,109.36,41.80,139.95,1,-1,-1,-1
115,1,302.55,97.25,57.43,163.99,1,-1,-1,-1
115,2,456.63,114.56,65.95,149.97,1,-1,-1,-1
115,4,593.01,100.13,55.39,168.65,1,-1,-1,-1
115,8,186.91,94.47,57.03,155.59,1,-1,-1,-1
115,14,390.12,108.22,49.99,137.56,1,-1,-1,-1
115,27,515.43,110.38,43.09,139.80,1,-1,-1,-1
116,1,301.90,97.42,56.70,162.44,1,-1,-1,-1
116,2,454.06,113.77,66.29,150.32,1,-1,-1,-1
116,4,595.29,99.19,53.27,167.43,1,-1,-1,-1
116,8,187.21,94.17,57.13,155.67,1,-1,-1,-1
116,14,390.46,109.50,49.88,136.34,1,-1,-1,-1
116,27,513.40,111.15,43.99,138.52,1,-1,-1,-1
117,1,301.38,97.34,56.46,162.62,1,-1,-1,-1
117,2,449.48,113.98,66.10,150.01,1,-1,-1,-1
117,4,597.32,98.47,51.50,167.56,1,-1,-1,-1
117,8,187.57,94.09,57.41,155.88,1,-1,-1,-1
117,14,391.59,109.56,49.83,136.14,1,-1,-1,-1
117,27,512.11,111.50,44.94,138.69,1,-1,-1,-1
118,1,300.61,96.38,56.32,163.31,1,-1,-1,-1
118,2,443.21,113.08,65.91,150.67,1,-1,-1,-1
118,4,599.52,97.04,49.67,167.72,1,-1,-1,-1
118,8,188.24,93.73,57.98,156.40,1,-1,-1,-1
118,14,393.04,109.66,50.34,136.19,1,-1,-1,-1
118,27,511.24,111.58,45.77,139.16,1,-1,-1,-1
119,1,300.37,95.70,56.14,163.87,1,-1,-1,-1
119,2,438.86,112.90,64.49,150.94,1,-1,-1,-1
119,4,601.51,96.06,47.94,168.42,1,-1,-1,-1
119,8,189.37,93.90,58.28,156.18,1,-1,-1,-1
119,14,393.78,109.02,50.98,136.57,1,-1,-1,-1
119,27,508.68,111.36,46.57,140.00,1,-1,-1,-1
120,1,299.85,95.15,56.08,164.85,1,-1,-1,-1
120,2,435.05,112.87,62.65,150.82,1,-1,-1,-1
120,4,603.04,95.66,46.32,169.34,1,-1,-1,-1
120,8,189.48,93.39,58.59,156.55,1,-1,-1,-1
120,14,393.89,108.47,51.11,136.91,1,-1,-1,-1
120,27,506.09,110.29,47.14,140.86,1,-1,-1,-1
121,1,299.79,94.51,55.38,163.92,1,-1,-1,-1
121,2,432.19,113.11,61.01,151.10,1,-1,-1,-1
121,4,604.91,96.50,44.20,168.28,1,-1,-1,-1
121,8,190.28,93.23,58.85,156.73,1,-1,-1,-1
121,14,393.50,107.96,51.28,138.09,1,-1,-1,-1
121,27,503.87,109.54,47.44,141.01,1,-1,-1,-1
122,1,299.84,93.59,54.98,163.64,1,-1,-1,-1
122,2,429.94,112.29,59.69,151.76,1,-1,-1,-1
122,4,607.05,98.44,41.88,166.39,1,-1,-1,-1
122,8,190.90,92.97,59.14,157.02,1,-1,-1,-1
122,14,393.67,107.56,51.18,138.95,1,-1,-1,-1
122,27,501.87,108.91,48.10,142.47,1,-1,-1,-1
123,1,299.23,92.54,54.89,163.90,1,-1,-1,-1
123,2,427.47,112.58,58.42,151.71,1,-1,-1,-1
123,4,609.44,102.36,39.15,162.47,1,-1,-1,-1
123,8,191.45,93.33,59.11,156.70,1,-1,-1,-1
123,14,393.67,107.98,50.46,138.91,1,-1,-1,-1
123,27,500.17,108.19,48.70,143.25,1,-1,-1,-1
124,1,298.55,92.22,54.80,164.19,1,-1,-1,-1
124,2,422.80,113.42,57.73,150.68,1,-1,-1,-1
124,4,612.86,114.75,34.66,150.03,1,-1,-1,-1
124,8,191.76,93.48,59.04,156.54,1,-1,-1,-1
124,14,393.64,108.34,49.84,139.22,1,-1,-1,-1
124,27,499.14,107.81,49.19,143.35,1,-1,-1,-1
125,1,297.39,92.10,54.61,164.51,1,-1,-1,-1
125,2,420.48,114.21,57.33,149.56,1,-1,-1,-1
125,4,615.31,118.24,32.25,146.47,1,-1,-1,-1
125,8,192.27,93.49,59.04,156.55,1,-1,-1,-1
125,14,394.33,108.86,49.28,140.40,1,-1,-1,-1
125,27,498.41,108.02,49.73,143.54,1,-1,-1,-1
126,1,296.03,92.18,54.45,165.12,1,-1,-1,-1
126,2,419.27,115.55,57.02,148.42,1,-1,-1,-1
126,4,617.54,121.45,29.98,143.30,1,-1,-1,-1
126,8,192.64,93.77,58.86,155.99,1,-1,-1,-1
126,14,394.76,108.75,48.47,140.67,1,-1,-1,-1
126,27,496.24,108.29,50.35,144.76,1,-1,-1,-1
127,1,295.54,92.52,54.13,164.38,1,-1,-1,-1
127,2,416.96,115.56,57.40,147.77,1,-1,-1,-1
127,4,619.48,124.33,27.90,140.67,1,-1,-1,-1
127,8,192.96,93.73,58.81,155.86,1,-1,-1,-1
127,14,394.63,108.93,48.22,142.53,1,-1,-1,-1
127,27,492.92,109.24,50.53,143.52,1,-1,-1,-1
128,1,294.03,92.64,54.02,164.50,1,-1,-1,-1
128,2,413.56,116.21,57.89,146.22,1,-1,-1,-1
128,4,621.35,126.79,26.05,139.12,1,-1,-1,-1
128,8,193.01,93.78,58.67,155.59,1,-1,-1,-1
128,14,395.14,109.37,46.99,141.40,1,-1,-1,-1
128,27,489.65,110.16,51.19,142.37,1,-1,-1,-1
129,1,289.78,92.99,54.86,164.60,1,-1,-1,-1
129,2,410.65,114.89,59.41,148.08,1,-1,-1,-1
129,4,622.87,129.07,25.62,136.83,1,-1,-1,-1
129,8,193.03,93.84,58.54,155.19,1,-1,-1,-1
129,14,396.97,109.86,42.47,128.56,1,-1,-1,-1
129,27,486.73,110.73,52.17,141.91,1,-1,-1,-1
130,1,286.88,94.16,55.65,163.13,1,-1,-1,-1
130,2,408.17,113.51,60.81,150.13,1,-1,-1,-1
130,8,193.15,93.87,58.39,154.73,1,-1,-1,-1
130,14,397.22,110.03,42.10,127.45,1,-1,-1,-1
130,27,484.09,111.00,52.94,142.10,1,-1,-1,-1
131,1,283.63,94.20,56.92,162.45,1,-1,-1,-1
131,2,404.28,112.98,61.15,150.79,1,-1,-1,-1
131,8,193.12,93.89,58.25,154.42,1,-1,-1,-1
131,27,481.88,111.54,53.62,142.36,1,-1,-1,-1
132,1,281.44,93.99,57.95,162.06,1,-1,-1,-1
132,2,401.98,112.10,60.14,149.23,1,-1,-1,-1
132,8,192.70,93.65,58.20,154.70,1,-1,-1,-1
132,27,479.15,111.98,54.31,142.47,1,-1,-1,-1
133,1,280.84,94.60,58.33,160.92,1,-1,-1,-1
133,2,399.02,111.58,59.29,148.95,1,-1,-1,-1
133,8,192.19,93.19,58.40,155.49,1,-1,-1,-1
133,27,476.18,112.11,54.73,142.37,1,-1,-1,-1
134,1,278.85,94.44,59.33,161.23,1,-1,-1,-1
134,2,396.33,110.97,58.46,149.20,1,-1,-1,-1
134,8,192.01,93.00,58.46,156.01,1,-1,-1,-1
134,27,474.37,111.95,55.33,142.18,1,-1,-1,-1
135,1,277.08,95.60,59.58,160.08,1,-1,-1,-1
135,2,394.01,110.26,57.66,150.21,1,-1,-1,-1
135,8,191.84,93.01,58.18,155.79,1,-1,-1,-1
135,27,472.40,111.77,55.68,141.76,1,-1,-1,-1
136,1,275.01,97.52,59.67,158.25,1,-1,-1,-1
136,2,393.23,109.28,57.12,150.79,1,-1,-1,-1
136,8,191.66,92.77,58.24,156.44,1,-1,-1,-1
136,27,469.97,111.95,56.01,141.37,1,-1,-1,-1
137,1,273.57,95.98,60.65,160.06,1,-1,-1,-1
137,2,392.85,108.94,56.60,150.73,1,-1,-1,-1
137,8,191.35,92.83,57.85,155.86,1,-1,-1,-1
137,27,467.85,112.08,56.48,140.99,1,-1,-1,-1
137,29,-22.78,116.43,99.37,177.02,1,-1,-1,-1
138,1,272.32,95.52,61.26,160.86,1,-1,-1,-1
138,2,392.12,109.19,56.70,150.79,1,-1,-1,-1
138,8,190.55,92.57,57.81,156.39,1,-1,-1,-1
138,27,466.03,111.96,56.84,141.74,1,-1,-1,-1
138,29,-23.68,114.50,101.18,183.42,1,-1,-1,-1
139,1,271.70,96.20,61.19,159.90,1,-1,-1,-1
139,2,387.97,109.36,57.45,150.39,1,-1,-1,-1
139,8,190.10,92.64,57.42,155.93,1,-1,-1,-1
139,14,413.31,108.68,46.21,146.40,1,-1,-1,-1
139,27,462.79,111.87,56.02,141.76,1,-1,-1,-1
139,29,-22.87,112.89,100.42,185.96,1,-1,-1,-1
140,1,272.14,95.97,61.29,160.02,1,-1,-1,-1
140,2,380.30,110.67,57.68,148.94,1,-1,-1,-1
140,8,189.38,92.38,57.38,156.54,1,-1,-1,-1
140,14,414.91,108.40,44.88,147.40,1,-1,-1,-1
140,27,461.36,112.32,55.02,142.51,1,-1,-1,-1
140,29,-21.20,111.07,99.14,188.78,1,-1,-1,-1
141,1,271.93,96.37,61.09,159.81,1,-1,-1,-1
141,2,375.50,112.34,58.12,147.19,1,-1,-1,-1
141,8,188.74,92.16,57.15,156.88,1,-1,-1,-1
141,14,415.76,108.13,44.00,148.10,1,-1,-1,-1
141,27,460.63,112.71,53.69,142.50,1,-1,-1,-1
141,29,-17.62,110.75,94.46,185.99,1,-1,-1,-1
142,1,270.72,95.74,61.11,160.57,1,-1,-1,-1
142,2,371.16,114.64,58.28,144.77,1,-1,-1,-1
142,8,188.20,92.40,56.86,156.88,1,-1,-1,-1
142,14,416.16,108.16,43.28,148.61,1,-1,-1,-1
142,27,460.37,113.25,52.47,142.32,1,-1,-1,-1
142,29,-11.50,111.30,89.92,183.30,1,-1,-1,-1
143,1,268.86,94.46,61.45,161.99,1,-1,-1,-1
143,2,367.63,114.60,59.08,145.21,1,-1,-1,-1
143,8,187.30,92.63,56.55,156.48,1,-1,-1,-1
143,14,415.23,108.72,42.88,148.20,1,-1,-1,-1
143,27,459.32,113.43,51.41,142.15,1,-1,-1,-1
143,29,-5.11,111.85,85.33,179.67,1,-1,-1,-1
144,1,266.98,93.50,61.58,162.74,1,-1,-1,-1
144,2,366.46,115.42,59.03,143.84,1,-1,-1,-1
144,8,186.90,92.83,56.07,155.56,1,-1,-1,-1
144,14,414.51,109.52,42.44,147.31,1,-1,-1,-1
144,27,457.92,113.83,50.52,141.90,1,-1,-1,-1
144,29,1.13,112.29,81.75,177.52,1,-1,-1,-1
145,1,265.68,93.27,61.17,162.09,1,-1,-1,-1
145,2,365.86,116.06,59.23,143.34,1,-1,-1,-1
145,8,186.11,92.86,56.07,156.02,1,-1,-1,-1
145,14,413.67,110.21,42.56,146.89,1,-1,-1,-1
145,27,457.89,114.45,49.96,141.98,1,-1,-1,-1
145,29,11.86,112.17,80.72,176.74,1,-1,-1,-1
146,1,264.44,92.58,60.78,161.90,1,-1,-1,-1
146,2,365.01,115.98,59.65,143.42,1,-1,-1,-1
146,8,185.81,92.18,55.93,156.13,1,-1,-1,-1
146,14,412.25,111.47,42.60,145.65,1,-1,-1,-1
146,27,460.64,115.18,50.07,141.71,1,-1,-1,-1
146,29,18.46,112.60,80.44,177.05,1,-1,-1,-1
146,32,-3.09,77.79,36.41,217.74,1,-1,-1,-1
147,1,263.00,92.80,60.04,160.98,1,-1,-1,-1
147,2,364.37,115.68,59.98,143.55,1,-1,-1,-1
147,8,185.47,91.80,55.78,156.31,1,-1,-1,-1
147,14,410.81,111.73,42.58,145.45,1,-1,-1,-1
147,27,460.76,114.24,50.41,142.11,1,-1,-1,-1
147,29,23.27,113.81,79.96,176.07,1,-1,-1,-1
147,32,-1.57,78.92,36.16,216.70,1,-1,-1,-1
148,1,261.55,92.32,60.00,162.29,1,-1,-1,-1
148,2,363.04,114.83,59.95,143.76,1,-1,-1,-1
148,8,185.22,91.62,55.58,156.19,1,-1,-1,-1
148,14,410.67,112.49,42.63,144.00,1,-1,-1,-1
148,27,459.67,114.19,50.71,142.51,1,-1,-1,-1
148,29,25.86,115.13,80.18,175.50,1,-1,-1,-1
148,32,-1.58,80.24,36.12,216.45,1,-1,-1,-1
149,1,260.35,92.75,59.22,161.85,1,-1,-1,-1
149,2,361.49,113.91,59.90,144.28,1,-1,-1,-1
149,8,185.01,91.09,55.57,156.68,1,-1,-1,-1
149,14,410.77,112.67,43.05,144.21,1,-1,-1,-1
149,27,455.47,113.46,50.54,143.19,1,-1,-1,-1
149,29,27.57,116.11,80.11,174.69,1,-1,-1,-1
150,1,259.29,92.88,58.62,161.95,1,-1,-1,-1
150,2,359.23,113.16,58.98,143.54,1,-1,-1,-1
150,8,185.02,90.28,55.61,157.47,1,-1,-1,-1
150,14,411.22,112.80,43.14,143.50,1,-1,-1,-1
150,27,455.76,113.02,51.09,144.19,1,-1,-1,-1
150,29,29.05,115.03,80.79,175.62,1,-1,-1,-1
150,32,-2.06,79.65,34.15,206.37,1,-1,-1,-1
151,1,258.64,92.82,58.07,162.17,1,-1,-1,-1
151,2,356.85,112.83,57.96,142.80,1,-1,-1,-1
151,8,185.09,90.75,55.28,156.96,1,-1,-1,-1
151,14,411.22,113.22,43.54,143.19,1,-1,-1,-1
151,27,455.56,112.40,51.39,144.86,1,-1,-1,-1
151,29,31.27,115.32,80.55,175.27,1,-1,-1,-1
151,32,-2.19,80.37,33.82,204.34,1,-1,-1,-1
152,1,257.96,93.14,57.17,161.12,1,-1,-1,-1
152,2,353.56,112.45,57.27,143.02,1,-1,-1,-1
152,8,184.78,90.65,55.22,157.19,1,-1,-1,-1
152,14,411.78,113.33,43.89,143.86,1,-1,-1,-1
152,27,451.34,112.03,50.23,144.93,1,-1,-1,-1
152,29,32.61,114.51,80.16,174.81,1,-1,-1,-1
153,1,257.57,93.20,56.58,160.89,1,-1,-1,-1
153,2,351.03,111.86,56.63,144.04,1,-1,-1,-1
153,8,184.96,90.79,55.04,157.00,1,-1,-1,-1
153,14,412.13,113.09,43.57,143.14,1,-1,-1,-1
153,27,449.14,111.51,49.35,145.59,1,-1,-1,-1
153,29,36.11,113.99,78.94,173.71,1,-1,-1,-1
154,1,257.30,93.57,55.91,160.54,1,-1,-1,-1
154,2,349.84,111.56,55.59,143.90,1,-1,-1,-1
154,8,185.09,91.06,54.86,156.69,1,-1,-1,-1
154,14,411.44,112.68,43.47,143.57,1,-1,-1,-1
154,27,448.25,110.95,48.68,146.13,1,-1,-1,-1
154,29,41.21,113.78,76.93,171.88,1,-1,-1,-1
155,1,257.17,93.49,55.45,160.53,1,-1,-1,-1
155,2,347.94,111.58,54.62,143.65,1,-1,-1,-1
155,8,185.03,91.19,54.77,156.56,1,-1,-1,-1
155,14,410.95,112.48,43.42,143.90,1,-1,-1,-1
155,27,448.01,110.85,48.22,146.90,1,-1,-1,-1
155,29,47.65,113.00,75.18,172.16,1,-1,-1,-1
156,1,257.29,93.91,54.86,160.16,1,-1,-1,-1
156,2,346.17,112.10,53.81,143.71,1,-1,-1,-1
156,8,185.49,91.52,54.56,156.13,1,-1,-1,-1
156,14,410.47,112.19,43.42,144.20,1,-1,-1,-1
156,27,448.21,111.05,47.90,147.09,1,-1,-1,-1
156,29,57.26,112.29,73.06,172.31,1,-1,-1,-1
157,1,257.12,93.69,54.64,160.77,1,-1,-1,-1
157,2,344.97,112.29,53.10,144.00,1,-1,-1,-1
157,8,185.47,91.05,54.67,156.56,1,-1,-1,-1
157,14,409.27,112.24,43.57,144.58,1,-1,-1,-1
157,27,447.73,111.30,47.85,147.42,1,-1,-1,-1
157,29,64.51,111.68,71.22,172.96,1,-1,-1,-1
158,1,257.11,93.35,54.34,161.40,1,-1,-1,-1
158,2,343.77,112.74,52.10,143.72,1,-1,-1,-1
158,8,185.73,91.13,54.55,156.49,1,-1,-1,-1
158,14,408.32,112.18,43.74,144.34,1,-1,-1,-1
158,27,447.74,111.34,47.86,147.99,1,-1,-1,-1
158,29,69.98,111.51,69.51,173.68,1,-1,-1,-1
159,1,257.33,93.71,53.59,160.74,1,-1,-1,-1
159,2,342.19,113.12,51.16,142.85,1,-1,-1,-1
159,8,185.73,91.24,54.46,156.40,1,-1,-1,-1
159,14,407.40,112.87,43.54,143.36,1,-1,-1,-1
159,27,448.26,111.58,48.20,148.16,1,-1,-1,-1
159,29,77.06,111.96,67.83,172.59,1,-1,-1,-1
160,1,257.37,93.61,52.97,160.64,1,-1,-1,-1
160,2,340.82,113.84,50.24,141.78,1,-1,-1,-1
160,8,185.80,91.08,54.46,156.48,1,-1,-1,-1
160,14,406.49,113.34,43.78,143.52,1,-1,-1,-1
160,27,448.81,111.95,48.71,148.40,1,-1,-1,-1
160,29,84.41,111.51,67.32,172.03,1,-1,-1,-1
161,1,257.43,93.01,52.44,160.95,1,-1,-1,-1
161,2,339.62,114.55,49.67,141.13,1,-1,-1,-1
161,8,186.04,90.84,54.49,156.75,1,-1,-1,-1
161,14,404.68,114.39,44.16,143.35,1,-1,-1,-1
161,27,448.35,112.52,49.69,149.22,1,-1,-1,-1
161,29,90.90,111.47,68.07,171.79,1,-1,-1,-1
162,1,257.61,92.33,51.82,160.80,1,-1,-1,-1
162,2,339.03,115.32,48.91,139.81,1,-1,-1,-1
162,8,186.01,91.09,54.35,156.40,1,-1,-1,-1
162,14,403.18,114.64,44.88,143.88,1,-1,-1,-1
162,27,446.52,112.39,50.59,150.10,1,-1,-1,-1
162,29,94.12,113.43,68.55,170.00,1,-1,-1,-1
163,1,258.32,92.29,51.10,159.99,1,-1,-1,-1
163,2,337.92,114.94,48.82,140.26,1,-1,-1,-1
163,8,186.13,91.35,54.22,156.10,1,-1,-1,-1
163,14,402.30,115.04,45.54,143.78,1,-1,-1,-1
163,27,444.18,111.51,51.82,151.05,1,-1,-1,-1
163,29,97.09,114.69,70.17,168.99,1,-1,-1,-1
164,1,258.82,91.00,50.81,160.75,1,-1,-1,-1
164,2,336.67,114.65,48.38,139.43,1,-1,-1,-1
164,8,186.02,91.14,54.31,156.42,1,-1,-1,-1
164,14,401.40,114.64,46.47,144.45,1,-1,-1,-1
164,27,441.84,111.29,52.19,149.72,1,-1,-1,-1
164,29,97.93,115.59,71.67,167.90,1,-1,-1,-1
165,1,259.06,90.23,50.45,161.03,1,-1,-1,-1
165,2,335.01,113.75,48.62,140.39,1,-1,-1,-1
165,8,186.27,92.15,53.96,155.58,1,-1,-1,-1
165,14,399.94,114.38,47.29,144.84,1,-1,-1,-1
165,27,439.81,111.59,52.58,149.06,1,-1,-1,-1
165,29,98.16,115.65,73.39,167.67,1,-1,-1,-1
166,1,259.50,89.40,50.01,160.65,1,-1,-1,-1
166,2,333.69,113.50,48.75,140.83,1,-1,-1,-1
166,8,186.42,92.19,53.94,155.42,1,-1,-1,-1
166,14,398.41,113.76,48.07,145.49,1,-1,-1,-1
166,27,438.88,111.31,53.45,149.36,1,-1,-1,-1
166,29,97.70,114.13,75.13,168.42,1,-1,-1,-1
167,1,259.88,88.60,49.61,160.37,1,-1,-1,-1
167,2,332.19,112.64,48.98,142.00,1,-1,-1,-1
167,8,186.48,92.60,53.98,155.53,1,-1,-1,-1
167,14,396.07,112.52,48.66,146.27,1,-1,-1,-1
167,27,436.32,110.03,54.07,150.93,1,-1,-1,-1
167,29,99.58,113.62,76.05,168.40,1,-1,-1,-1
168,1,259.91,87.83,49.28,160.25,1,-1,-1,-1
168,2,331.19,111.95,48.53,140.92,1,-1,-1,-1
168,8,186.28,92.05,54.34,156.75,1,-1,-1,-1
168,14,393.20,111.59,49.16,147.27,1,-1,-1,-1
168,27,434.02,108.90,54.99,152.58,1,-1,-1,-1
168,29,102.16,113.58,76.35,168.44,1,-1,-1,-1
169,1,259.74,87.25,49.09,160.41,1,-1,-1,-1
169,2,330.61,111.34,48.12,139.89,1,-1,-1,-1
169,8,186.42,92.09,54.18,156.33,1,-1,-1,-1
169,14,390.03,110.64,49.46,148.55,1,-1,-1,-1
169,27,432.51,108.62,55.28,153.75,1,-1,-1,-1
169,29,105.14,112.18,75.82,167.71,1,-1,-1,-1
170,1,259.70,86.70,49.04,161.13,1,-1,-1,-1
170,2,329.41,110.66,47.98,139.52,1,-1,-1,-1
170,8,186.63,93.08,53.87,155.37,1,-1,-1,-1
170,14,386.60,110.12,49.38,149.49,1,-1,-1,-1
170,27,431.32,108.35,55.54,154.20,1,-1,-1,-1
170,29,110.49,109.51,75.19,168.93,1,-1,-1,-1
171,1,259.68,86.38,48.96,161.58,1,-1,-1,-1
171,2,328.08,110.16,48.11,139.97,1,-1,-1,-1
171,8,186.53,92.84,53.98,155.66,1,-1,-1,-1
171,14,384.99,110.79,48.72,149.02,1,-1,-1,-1
171,27,431.93,109.10,54.99,153.55,1,-1,-1,-1
171,29,115.55,108.71,73.73,168.84,1,-1,-1,-1
172,1,259.17,86.46,48.72,161.27,1,-1,-1,-1
172,2,327.32,110.14,47.94,139.54,1,-1,-1,-1
172,8,186.58,93.24,53.88,155.30,1,-1,-1,-1
172,14,384.10,110.71,48.23,149.36,1,-1,-1,-1
172,27,430.88,110.04,54.34,152.17,1,-1,-1,-1
172,29,122.59,108.85,71.38,168.27,1,-1,-1,-1
173,1,258.70,86.63,48.68,161.81,1,-1,-1,-1
173,2,326.25,109.88,47.93,139.35,1,-1,-1,-1
173,8,186.58,93.74,53.78,154.85,1,-1,-1,-1
173,14,383.47,111.45,47.57,148.69,1,-1,-1,-1
173,27,429.25,110.99,54.09,150.96,1,-1,-1,-1
173,29,128.56,107.41,69.32,168.35,1,-1,-1,-1
174,1,257.99,86.45,48.57,162.18,1,-1,-1,-1
174,2,325.95,110.06,47.74,138.74,1,-1,-1,-1
174,8,186.52,93.87,53.73,154.47,1,-1,-1,-1
174,14,382.93,112.14,46.90,147.66,1,-1,-1,-1
174,27,426.79,111.11,54.63,151.63,1,-1,-1,-1
174,29,133.36,104.81,68.55,171.65,1,-1,-1,-1
175,1,257.15,85.60,48.64,162.86,1,-1,-1,-1
175,2,325.00,110.05,47.80,138.47,1,-1,-1,-1
175,8,186.97,93.23,53.80,154.79,1,-1,-1,-1
175,14,381.82,112.52,46.64,147.89,1,-1,-1,-1
175,27,425.44,111.42,54.64,151.76,1,-1,-1,-1
175,29,138.88,106.97,66.07,169.67,1,-1,-1,-1
176,1,256.91,85.72,48.42,162.72,1,-1,-1,-1
176,2,322.90,110.00,48.22,138.69,1,-1,-1,-1
176,8,187.43,92.54,53.80,155.20,1,-1,-1,-1
176,14,380.95,113.35,46.25,147.27,1,-1,-1,-1
176,27,423.85,111.40,54.78,152.20,1,-1,-1,-1
176,29,142.75,108.21,64.33,168.76,1,-1,-1,-1
177,1,257.06,86.11,47.98,162.36,1,-1,-1,-1
177,2,320.64,110.36,48.82,138.62,1,-1,-1,-1
177,8,188.73,92.24,53.47,155.51,1,-1,-1,-1
177,14,379.83,113.86,46.45,147.76,1,-1,-1,-1
177,27,423.53,110.84,55.43,153.53,1,-1,-1,-1
177,29,147.73,109.98,62.97,166.98,1,-1,-1,-1
178,1,256.85,86.34,47.55,161.97,1,-1,-1,-1
178,2,318.72,110.52,49.36,138.77,1,-1,-1,-1
178,8,190.82,92.74,52.40,154.41,1,-1,-1,-1
178,14,378.36,114.18,46.63,148.30,1,-1,-1,-1
178,27,422.00,109.93,55.68,154.21,1,-1,-1,-1
178,29,151.84,110.97,62.64,165.61,1,-1,-1,-1
179,1,256.89,87.52,47.02,160.66,1,-1,-1,-1
179,2,317.33,110.41,49.54,138.50,1,-1,-1,-1
179,8,193.04,92.94,51.37,154.12,1,-1,-1,-1
179,14,376.41,113.98,46.79,148.83,1,-1,-1,-1
179,27,419.82,109.06,55.87,155.55,1,-1,-1,-1
179,29,153.45,112.69,62.84,163.42,1,-1,-1,-1
