1,-1,342.27,81.08,87.56,248.27,0.999165,-1,-1,-1
1,-1,437.52,85.47,86.50,243.86,0.998782,-1,-1,-1
1,-1,168.49,85.46,81.16,238.58,0.998690,-1,-1,-1
1,-1,575.55,87.36,61.20,192.63,0.995783,-1,-1,-1
1,-1,97.87,94.00,69.02,227.62,0.995152,-1,-1,-1
1,-1,523.52,106.25,42.75,124.39,0.901250,-1,-1,-1
1,-1,512.10,110.46,35.70,125.52,0.868515,-1,-1,-1
2,-1,344.65,78.10,91.82,249.79,0.999147,-1,-1,-1
2,-1,178.19,84.93,74.05,238.49,0.998962,-1,-1,-1
2,-1,439.37,85.62,91.89,240.75,0.998242,-1,-1,-1
2,-1,576.87,84.89,59.27,194.75,0.996916,-1,-1,-1
2,-1,91.08,93.74,75.27,230.05,0.992241,-1,-1,-1
2,-1,519.49,110.39,40.48,120.70,0.833706,-1,-1,-1
3,-1,354.66,82.90,86.51,241.80,0.999250,-1,-1,-1
3,-1,184.09,86.43,74.64,235.50,0.998272,-1,-1,-1
3,-1,442.29,83.49,91.51,240.50,0.998084,-1,-1,-1
3,-1,575.37,84.45,60.09,193.69,0.997466,-1,-1,-1
3,-1,77.81,96.51,81.32,224.52,0.995204,-1,-1,-1
3,-1,519.94,110.25,40.87,119.46,0.803066,-1,-1,-1
4,-1,357.86,82.55,86.80,239.85,0.999186,-1,-1,-1
4,-1,61.63,99.04,100.65,226.64,0.997985,-1,-1,-1
4,-1,447.14,81.06,86.29,242.39,0.997491,-1,-1,-1
4,-1,187.95,85.54,75.54,232.95,0.996655,-1,-1,-1
4,-1,574.52,85.13,61.36,193.70,0.995907,-1,-1,-1
4,-1,520.61,109.94,40.62,119.17,0.759296,-1,-1,-1
4,-1,173.20,89.05,37.99,154.55,0.685849,-1,-1,-1
5,-1,359.55,81.55,90.76,247.50,0.999316,-1,-1,-1
5,-1,61.16,97.32,97.81,225.33,0.999172,-1,-1,-1
5,-1,447.15,80.21,89.29,244.73,0.997708,-1,-1,-1
5,-1,567.62,84.17,69.28,199.58,0.997239,-1,-1,-1
5,-1,190.92,85.06,79.24,232.01,0.996579,-1,-1,-1
5,-1,173.44,91.26,41.54,160.53,0.888619,-1,-1,-1
5,-1,520.35,108.84,41.94,121.58,0.702900,-1,-1,-1
6,-1,362.06,84.53,91.09,242.83,0.999205,-1,-1,-1
6,-1,55.72,98.96,99.65,225.25,0.999146,-1,-1,-1
6,-1,197.71,85.80,81.47,230.26,0.998751,-1,-1,-1
6,-1,565.81,84.93,69.95,199.82,0.998208,-1,-1,-1
6,-1,452.22,83.45,85.69,239.41,0.997652,-1,-1,-1
6,-1,174.83,91.16,39.90,158.89,0.932131,-1,-1,-1
6,-1,518.44,108.23,40.41,121.47,0.554682,-1,-1,-1
7,-1,364.31,88.59,88.97,243.73,0.999543,-1,-1,-1
7,-1,203.85,87.42,81.04,229.77,0.999111,-1,-1,-1
7,-1,564.59,86.44,74.36,200.06,0.998686,-1,-1,-1
7,-1,51.96,96.86,95.74,227.69,0.998534,-1,-1,-1
7,-1,458.53,87.11,77.30,234.97,0.998168,-1,-1,-1
7,-1,177.28,93.45,37.59,157.45,0.947619,-1,-1,-1
8,-1,365.79,82.81,92.60,246.62,0.999637,-1,-1,-1
8,-1,212.14,91.98,80.43,225.07,0.999368,-1,-1,-1
8,-1,464.38,87.10,80.24,236.72,0.999178,-1,-1,-1
8,-1,561.96,90.08,74.05,195.54,0.998021,-1,-1,-1
8,-1,50.32,96.62,82.27,228.67,0.995101,-1,-1,-1
8,-1,178.31,95.43,40.28,157.62,0.970851,-1,-1,-1
9,-1,368.24,81.69,91.33,250.90,0.999695,-1,-1,-1
9,-1,216.53,93.14,86.82,222.86,0.999684,-1,-1,-1
9,-1,465.21,84.44,81.54,241.78,0.999597,-1,-1,-1
9,-1,562.89,89.13,69.53,196.50,0.996860,-1,-1,-1
9,-1,52.80,98.41,69.18,223.16,0.995350,-1,-1,-1
9,-1,182.33,94.58,39.94,159.58,0.977850,-1,-1,-1
10,-1,219.06,93.13,89.16,222.13,0.999715,-1,-1,-1
10,-1,371.48,79.04,86.62,249.68,0.999651,-1,-1,-1
10,-1,463.17,83.46,86.33,243.85,0.999546,-1,-1,-1
10,-1,48.63,102.46,63.00,214.36,0.998185,-1,-1,-1
10,-1,562.30,86.64,68.95,199.73,0.996503,-1,-1,-1
10,-1,183.72,95.87,41.49,159.31,0.979156,-1,-1,-1
11,-1,222.96,98.10,86.40,222.28,0.999887,-1,-1,-1
11,-1,373.59,76.29,85.41,258.50,0.999512,-1,-1,-1
11,-1,467.38,82.58,81.58,240.74,0.999382,-1,-1,-1
11,-1,42.13,99.48,61.21,217.51,0.998627,-1,-1,-1
11,-1,558.64,84.05,71.02,203.03,0.996126,-1,-1,-1
11,-1,185.26,94.52,40.33,160.56,0.982899,-1,-1,-1
12,-1,226.33,99.46,87.89,219.22,0.999664,-1,-1,-1
12,-1,467.15,83.63,88.31,239.25,0.999550,-1,-1,-1
12,-1,376.08,75.34,85.66,249.13,0.999323,-1,-1,-1
12,-1,33.72,99.64,62.48,217.73,0.996678,-1,-1,-1
12,-1,552.05,87.74,73.30,197.84,0.994909,-1,-1,-1
12,-1,183.08,93.27,41.61,160.99,0.991290,-1,-1,-1
13,-1,230.26,94.64,82.76,223.81,0.999518,-1,-1,-1
13,-1,377.06,75.36,86.49,246.45,0.999339,-1,-1,-1
13,-1,469.18,86.11,92.77,236.63,0.999323,-1,-1,-1
13,-1,27.94,98.47,64.39,219.03,0.998140,-1,-1,-1
13,-1,182.27,91.25,42.39,164.90,0.990978,-1,-1,-1
13,-1,552.24,87.01,70.26,196.38,0.989407,-1,-1,-1
13,-1,611.47,96.60,27.15,125.38,0.581403,-1,-1,-1
13,-1,596.34,91.58,36.87,148.78,0.545334,-1,-1,-1
14,-1,233.38,95.30,80.88,221.50,0.999302,-1,-1,-1
14,-1,470.37,88.35,92.45,235.50,0.999169,-1,-1,-1
14,-1,378.57,73.65,88.19,249.17,0.998746,-1,-1,-1
14,-1,18.25,100.38,71.05,216.54,0.997888,-1,-1,-1
14,-1,179.95,92.08,43.96,162.88,0.992645,-1,-1,-1
14,-1,553.80,85.00,67.59,195.81,0.981602,-1,-1,-1
14,-1,610.88,99.84,28.61,121.46,0.672926,-1,-1,-1
14,-1,594.96,93.01,38.34,144.18,0.557227,-1,-1,-1
15,-1,387.65,78.66,81.04,239.82,0.999265,-1,-1,-1
15,-1,237.03,96.22,84.88,212.53,0.998997,-1,-1,-1
15,-1,7.86,94.23,81.17,225.87,0.998230,-1,-1,-1
15,-1,473.16,88.41,93.21,235.24,0.998032,-1,-1,-1
15,-1,179.60,91.38,43.51,163.52,0.992971,-1,-1,-1
15,-1,547.76,90.72,63.83,190.18,0.944492,-1,-1,-1
15,-1,597.61,100.55,38.51,133.36,0.735132,-1,-1,-1
16,-1,382.85,76.77,86.65,245.39,0.998909,-1,-1,-1
16,-1,242.62,95.74,78.06,213.63,0.998125,-1,-1,-1
16,-1,474.97,86.66,89.55,238.11,0.997522,-1,-1,-1
16,-1,0.00,93.37,86.62,232.75,0.997142,-1,-1,-1
16,-1,179.26,90.97,42.39,163.58,0.993970,-1,-1,-1
16,-1,551.26,92.83,60.59,185.02,0.941132,-1,-1,-1
16,-1,608.62,99.48,30.37,129.61,0.786696,-1,-1,-1
17,-1,394.81,82.31,78.64,237.36,0.999051,-1,-1,-1
17,-1,245.76,96.32,76.77,212.11,0.998449,-1,-1,-1
17,-1,476.68,87.35,95.94,235.30,0.998142,-1,-1,-1
17,-1,0.00,101.65,80.66,223.72,0.997160,-1,-1,-1
17,-1,178.86,90.87,41.50,163.55,0.993810,-1,-1,-1
17,-1,557.79,95.72,53.52,167.10,0.904554,-1,-1,-1
17,-1,591.30,100.11,42.77,140.24,0.827306,-1,-1,-1
17,-1,532.00,89.15,74.35,210.28,0.646708,-1,-1,-1
18,-1,390.22,76.23,92.00,248.27,0.998562,-1,-1,-1
18,-1,482.25,86.98,94.63,233.06,0.998462,-1,-1,-1
18,-1,250.64,96.03,80.30,211.29,0.998378,-1,-1,-1
18,-1,0.00,96.14,81.57,231.22,0.996839,-1,-1,-1
18,-1,178.94,92.03,41.16,160.63,0.994016,-1,-1,-1
18,-1,590.41,101.65,43.32,140.88,0.848458,-1,-1,-1
18,-1,557.42,96.48,52.39,170.49,0.841695,-1,-1,-1
18,-1,532.29,85.11,71.73,218.83,0.553847,-1,-1,-1
19,-1,390.94,79.09,99.49,246.43,0.999004,-1,-1,-1
19,-1,253.96,98.85,73.15,210.07,0.998422,-1,-1,-1
19,-1,487.76,84.19,89.36,238.21,0.998222,-1,-1,-1
19,-1,1.51,97.17,80.61,229.14,0.993496,-1,-1,-1
19,-1,179.71,93.55,31.79,162.79,0.993405,-1,-1,-1
19,-1,591.00,103.94,42.12,138.46,0.842480,-1,-1,-1
19,-1,557.50,98.18,48.97,168.47,0.768421,-1,-1,-1
19,-1,525.35,85.70,72.72,224.69,0.505797,-1,-1,-1
20,-1,255.62,95.33,87.53,213.02,0.999001,-1,-1,-1
20,-1,390.89,80.15,105.14,243.07,0.998959,-1,-1,-1
20,-1,495.25,84.45,88.13,238.63,0.998557,-1,-1,-1
20,-1,178.95,93.48,41.68,159.56,0.993009,-1,-1,-1
20,-1,2.19,97.05,80.48,228.74,0.989359,-1,-1,-1
20,-1,589.74,107.75,40.72,135.40,0.821114,-1,-1,-1
20,-1,556.84,100.85,45.69,168.58,0.613118,-1,-1,-1
21,-1,260.08,93.86,86.88,212.48,0.999450,-1,-1,-1
21,-1,393.48,79.24,105.63,242.74,0.999282,-1,-1,-1
21,-1,501.00,88.96,84.65,231.61,0.998817,-1,-1,-1
21,-1,178.11,94.78,42.35,158.41,0.993236,-1,-1,-1
21,-1,0.18,93.25,76.79,228.58,0.981014,-1,-1,-1
21,-1,588.99,110.93,41.89,131.50,0.870369,-1,-1,-1
22,-1,264.86,95.36,84.19,209.76,0.999551,-1,-1,-1
22,-1,403.00,79.57,91.94,240.76,0.999407,-1,-1,-1
22,-1,505.04,88.02,80.52,231.18,0.998566,-1,-1,-1
22,-1,178.16,95.21,42.94,158.92,0.991758,-1,-1,-1
22,-1,0.00,103.23,67.00,217.32,0.963823,-1,-1,-1
22,-1,586.47,110.01,42.57,136.22,0.900576,-1,-1,-1
22,-1,465.12,104.52,46.02,118.75,0.509643,-1,-1,-1
23,-1,268.77,100.61,79.34,207.16,0.999637,-1,-1,-1
23,-1,410.16,83.07,84.35,235.06,0.999625,-1,-1,-1
23,-1,511.82,84.78,72.81,232.55,0.997453,-1,-1,-1
23,-1,178.27,94.99,41.95,159.26,0.991676,-1,-1,-1
23,-1,0.00,104.98,58.72,215.81,0.950580,-1,-1,-1
23,-1,588.84,109.75,42.84,135.54,0.861471,-1,-1,-1
24,-1,271.72,94.04,78.11,214.49,0.999738,-1,-1,-1
24,-1,409.92,84.55,88.99,231.57,0.999549,-1,-1,-1
24,-1,513.61,81.82,73.73,233.98,0.997433,-1,-1,-1
24,-1,178.12,94.38,42.56,159.11,0.993211,-1,-1,-1
24,-1,0.00,102.44,33.40,220.24,0.912575,-1,-1,-1
24,-1,588.23,107.97,45.83,136.11,0.831417,-1,-1,-1
25,-1,272.77,95.96,77.87,211.69,0.999755,-1,-1,-1
25,-1,415.44,81.39,86.49,237.80,0.999486,-1,-1,-1
25,-1,512.05,83.52,83.72,235.08,0.997774,-1,-1,-1
25,-1,177.75,94.36,42.73,159.07,0.992466,-1,-1,-1
25,-1,0.00,107.82,28.74,214.74,0.857500,-1,-1,-1
25,-1,588.18,109.28,45.86,136.80,0.791679,-1,-1,-1
26,-1,410.53,80.34,92.78,241.00,0.999651,-1,-1,-1
26,-1,279.46,94.57,74.74,209.82,0.999559,-1,-1,-1
26,-1,513.40,88.39,82.26,225.29,0.998187,-1,-1,-1
26,-1,177.59,94.52,43.04,158.58,0.992178,-1,-1,-1
26,-1,588.21,112.86,46.09,131.84,0.788988,-1,-1,-1
26,-1,0.00,91.18,29.77,213.37,0.703601,-1,-1,-1
27,-1,418.38,76.15,84.42,242.27,0.999519,-1,-1,-1
27,-1,290.05,91.48,69.03,213.13,0.999283,-1,-1,-1
27,-1,514.24,89.72,81.37,222.07,0.997706,-1,-1,-1
27,-1,177.66,95.76,43.32,157.34,0.988700,-1,-1,-1
27,-1,587.79,112.98,46.68,131.48,0.801757,-1,-1,-1
28,-1,295.34,92.39,70.48,206.59,0.999094,-1,-1,-1
28,-1,422.17,74.46,81.37,241.30,0.999083,-1,-1,-1
28,-1,512.40,89.35,86.59,226.76,0.997358,-1,-1,-1
28,-1,177.87,95.19,42.85,158.03,0.990172,-1,-1,-1
28,-1,589.11,112.85,45.30,130.74,0.711795,-1,-1,-1
28,-1,500.18,94.30,62.31,193.91,0.703675,-1,-1,-1
29,-1,300.53,90.93,67.26,205.46,0.998926,-1,-1,-1
29,-1,428.23,71.99,80.32,239.24,0.997814,-1,-1,-1
29,-1,513.73,91.53,88.50,225.21,0.996539,-1,-1,-1
29,-1,177.78,94.96,43.49,159.34,0.986848,-1,-1,-1
29,-1,501.95,93.54,58.31,191.06,0.816544,-1,-1,-1
29,-1,589.42,112.70,43.09,131.89,0.569639,-1,-1,-1
30,-1,304.21,87.96,67.91,211.95,0.998692,-1,-1,-1
30,-1,427.98,74.78,78.67,240.08,0.997616,-1,-1,-1
30,-1,516.17,89.53,89.39,227.45,0.994034,-1,-1,-1
30,-1,177.99,94.41,43.26,159.02,0.986760,-1,-1,-1
30,-1,501.40,95.92,54.60,182.09,0.837234,-1,-1,-1
31,-1,308.86,90.06,70.09,206.42,0.998988,-1,-1,-1
31,-1,434.22,74.26,81.89,238.91,0.997091,-1,-1,-1
31,-1,521.01,92.22,89.79,225.85,0.992784,-1,-1,-1
31,-1,178.28,95.69,43.29,157.65,0.987159,-1,-1,-1
31,-1,502.40,95.46,58.02,180.82,0.740535,-1,-1,-1
31,-1,589.19,110.47,44.00,146.17,0.552152,-1,-1,-1
32,-1,311.47,91.02,72.80,209.08,0.999292,-1,-1,-1
32,-1,437.67,76.22,89.38,237.08,0.997597,-1,-1,-1
32,-1,531.18,89.72,86.49,227.56,0.994643,-1,-1,-1
32,-1,177.08,93.58,43.74,161.36,0.989021,-1,-1,-1
32,-1,502.06,96.52,57.46,177.99,0.722868,-1,-1,-1
33,-1,313.20,93.84,74.53,202.10,0.999122,-1,-1,-1
33,-1,445.34,82.24,87.87,231.05,0.997410,-1,-1,-1
33,-1,177.41,93.73,43.44,160.25,0.990046,-1,-1,-1
33,-1,538.65,89.15,84.82,220.46,0.986616,-1,-1,-1
33,-1,496.36,93.23,57.62,183.86,0.760308,-1,-1,-1
34,-1,320.32,94.95,74.78,201.96,0.999735,-1,-1,-1
34,-1,451.50,87.52,87.65,225.56,0.997994,-1,-1,-1
34,-1,544.65,85.76,83.74,227.06,0.996281,-1,-1,-1
34,-1,177.04,94.98,43.88,159.71,0.986236,-1,-1,-1
34,-1,491.15,91.04,58.71,191.73,0.737311,-1,-1,-1
35,-1,321.34,99.15,77.86,199.36,0.999790,-1,-1,-1
35,-1,451.75,84.55,91.02,230.64,0.998529,-1,-1,-1
35,-1,545.09,85.26,86.15,227.82,0.997799,-1,-1,-1
35,-1,177.18,94.50,43.23,159.84,0.985772,-1,-1,-1
36,-1,323.36,96.08,77.33,204.62,0.999832,-1,-1,-1
36,-1,455.91,82.84,88.21,231.21,0.998720,-1,-1,-1
36,-1,548.11,83.76,82.95,228.60,0.997575,-1,-1,-1
36,-1,176.50,91.87,42.73,163.39,0.990027,-1,-1,-1
37,-1,325.48,98.08,78.21,202.12,0.999764,-1,-1,-1
37,-1,454.15,84.48,90.57,228.90,0.999152,-1,-1,-1
37,-1,553.66,87.03,80.75,223.56,0.997453,-1,-1,-1
37,-1,177.59,94.02,41.94,160.33,0.987777,-1,-1,-1
38,-1,328.60,97.73,75.79,201.12,0.999433,-1,-1,-1
38,-1,453.46,87.00,91.23,225.41,0.998968,-1,-1,-1
38,-1,556.34,92.12,73.80,219.04,0.998186,-1,-1,-1
38,-1,177.45,94.00,41.67,160.05,0.989018,-1,-1,-1
39,-1,454.69,86.70,91.15,225.13,0.999628,-1,-1,-1
39,-1,331.47,97.17,76.11,202.00,0.999506,-1,-1,-1
39,-1,561.55,91.37,69.84,221.12,0.998100,-1,-1,-1
39,-1,177.25,94.63,41.96,159.60,0.988564,-1,-1,-1
40,-1,461.22,84.70,85.99,225.45,0.999626,-1,-1,-1
40,-1,338.68,95.85,74.99,199.50,0.999167,-1,-1,-1
40,-1,565.09,93.15,65.45,219.35,0.997342,-1,-1,-1
40,-1,177.78,94.20,40.95,160.58,0.987485,-1,-1,-1
41,-1,464.18,83.62,83.37,226.71,0.999613,-1,-1,-1
41,-1,344.04,93.79,72.82,203.22,0.999210,-1,-1,-1
41,-1,563.43,89.29,70.24,220.44,0.995129,-1,-1,-1
41,-1,176.86,93.99,42.48,160.65,0.989808,-1,-1,-1
42,-1,463.13,81.52,89.70,230.22,0.999221,-1,-1,-1
42,-1,345.40,93.58,73.45,201.65,0.999182,-1,-1,-1
42,-1,563.57,94.44,76.29,215.64,0.994469,-1,-1,-1
42,-1,177.01,93.91,42.15,160.27,0.990944,-1,-1,-1
43,-1,350.78,93.05,71.85,202.02,0.999339,-1,-1,-1
43,-1,464.78,78.89,89.85,230.88,0.999021,-1,-1,-1
43,-1,563.96,85.02,73.17,224.49,0.996874,-1,-1,-1
43,-1,177.64,95.96,41.54,157.04,0.986851,-1,-1,-1
44,-1,354.32,93.11,70.97,203.50,0.999268,-1,-1,-1
44,-1,464.76,77.00,91.76,232.22,0.999104,-1,-1,-1
44,-1,564.87,87.79,71.91,222.53,0.997658,-1,-1,-1
44,-1,176.96,94.27,42.09,159.93,0.987300,-1,-1,-1
45,-1,357.61,96.07,72.65,195.08,0.999454,-1,-1,-1
45,-1,469.37,81.27,89.24,229.55,0.997913,-1,-1,-1
45,-1,565.90,101.84,73.80,208.61,0.991583,-1,-1,-1
45,-1,177.30,94.11,42.31,160.50,0.986582,-1,-1,-1
45,-1,446.56,103.63,48.55,165.01,0.755411,-1,-1,-1
46,-1,358.04,97.76,79.92,193.61,0.999546,-1,-1,-1
46,-1,477.66,81.59,85.62,227.39,0.995583,-1,-1,-1
46,-1,568.01,92.25,68.49,217.40,0.992257,-1,-1,-1
46,-1,177.45,95.17,41.99,158.64,0.987037,-1,-1,-1
46,-1,444.83,101.14,47.80,167.76,0.852711,-1,-1,-1
47,-1,365.50,98.81,75.93,192.03,0.999679,-1,-1,-1
47,-1,480.56,82.64,89.22,226.80,0.994086,-1,-1,-1
47,-1,569.69,90.59,67.68,218.59,0.993363,-1,-1,-1
47,-1,177.61,95.54,41.01,157.95,0.984648,-1,-1,-1
47,-1,445.56,101.00,47.62,164.17,0.841199,-1,-1,-1
47,-1,454.63,84.26,69.73,210.22,0.666819,-1,-1,-1
48,-1,369.89,98.57,75.39,191.76,0.999644,-1,-1,-1
48,-1,481.15,82.51,100.35,227.18,0.995691,-1,-1,-1
48,-1,577.56,92.72,62.44,212.16,0.989721,-1,-1,-1
48,-1,177.10,94.61,41.36,159.66,0.988693,-1,-1,-1
48,-1,446.48,96.08,51.55,170.76,0.876170,-1,-1,-1
49,-1,370.93,98.59,73.66,191.69,0.999330,-1,-1,-1
49,-1,485.04,85.72,104.98,223.68,0.994667,-1,-1,-1
49,-1,177.62,94.70,41.15,158.80,0.987538,-1,-1,-1
49,-1,578.21,91.82,61.56,212.47,0.987227,-1,-1,-1
49,-1,444.42,96.73,55.79,179.04,0.943154,-1,-1,-1
50,-1,488.72,86.29,101.53,220.67,0.997587,-1,-1,-1
50,-1,367.87,104.13,74.92,188.98,0.996739,-1,-1,-1
50,-1,176.60,94.06,42.49,161.19,0.989644,-1,-1,-1
50,-1,583.78,81.63,54.52,224.30,0.982188,-1,-1,-1
50,-1,440.46,96.50,61.55,184.80,0.979011,-1,-1,-1
51,-1,489.86,89.64,100.92,215.58,0.998855,-1,-1,-1
51,-1,376.98,98.49,74.13,192.97,0.995692,-1,-1,-1
51,-1,177.14,94.86,41.41,159.19,0.989032,-1,-1,-1
51,-1,589.41,84.15,47.88,221.48,0.981320,-1,-1,-1
51,-1,446.69,97.20,57.39,178.22,0.979312,-1,-1,-1
52,-1,496.48,95.59,96.38,208.28,0.999043,-1,-1,-1
52,-1,386.70,95.46,68.39,190.82,0.995197,-1,-1,-1
52,-1,176.76,95.85,42.77,159.58,0.984477,-1,-1,-1
52,-1,591.94,91.80,48.06,206.69,0.971787,-1,-1,-1
52,-1,451.61,97.84,57.65,175.99,0.958062,-1,-1,-1
53,-1,503.13,94.24,93.08,208.37,0.999437,-1,-1,-1
53,-1,392.36,90.50,71.65,196.76,0.992312,-1,-1,-1
53,-1,177.10,95.19,41.84,157.94,0.988694,-1,-1,-1
53,-1,592.87,92.34,47.13,206.56,0.964863,-1,-1,-1
53,-1,441.75,90.92,57.40,187.23,0.885696,-1,-1,-1
54,-1,506.17,95.15,94.39,209.43,0.998272,-1,-1,-1
54,-1,397.79,91.59,74.68,196.43,0.996289,-1,-1,-1
54,-1,177.12,94.42,41.28,160.29,0.985639,-1,-1,-1
54,-1,593.91,93.15,46.09,203.46,0.926860,-1,-1,-1
54,-1,454.48,95.95,46.59,154.34,0.667653,-1,-1,-1
55,-1,506.30,92.79,92.77,214.53,0.998586,-1,-1,-1
55,-1,401.92,91.60,74.24,193.28,0.997886,-1,-1,-1
55,-1,177.25,94.02,41.91,160.42,0.988642,-1,-1,-1
55,-1,592.75,96.76,44.70,202.48,0.922418,-1,-1,-1
55,-1,460.63,100.61,51.93,163.92,0.504827,-1,-1,-1
56,-1,513.23,91.28,84.12,215.00,0.998650,-1,-1,-1
56,-1,405.05,90.28,75.52,193.92,0.998074,-1,-1,-1
56,-1,177.32,94.92,41.68,159.95,0.984310,-1,-1,-1
56,-1,592.10,105.75,42.01,166.88,0.848748,-1,-1,-1
57,-1,518.70,89.32,79.55,214.84,0.998420,-1,-1,-1
57,-1,406.97,89.58,77.00,195.57,0.998159,-1,-1,-1
57,-1,176.71,94.07,42.27,160.86,0.988886,-1,-1,-1
57,-1,590.14,105.70,41.55,164.05,0.830575,-1,-1,-1
58,-1,520.27,84.87,77.03,217.33,0.998400,-1,-1,-1
58,-1,406.78,89.54,79.45,198.00,0.998351,-1,-1,-1
58,-1,177.00,95.18,42.78,159.80,0.984987,-1,-1,-1
58,-1,593.38,109.79,40.00,142.83,0.867748,-1,-1,-1
59,-1,404.29,92.47,80.88,195.94,0.999023,-1,-1,-1
59,-1,521.74,83.81,77.19,219.43,0.998152,-1,-1,-1
59,-1,176.51,95.19,44.06,160.92,0.987485,-1,-1,-1
59,-1,594.17,110.51,40.42,138.40,0.851119,-1,-1,-1
60,-1,402.57,94.40,85.00,193.63,0.999553,-1,-1,-1
60,-1,525.07,82.75,81.22,218.06,0.991700,-1,-1,-1
60,-1,176.23,94.07,44.41,161.38,0.988936,-1,-1,-1
60,-1,596.23,107.69,38.60,138.19,0.811577,-1,-1,-1
61,-1,402.68,97.82,84.93,190.23,0.999072,-1,-1,-1
61,-1,176.10,94.30,44.19,160.92,0.989815,-1,-1,-1
61,-1,528.69,85.42,79.22,216.48,0.982247,-1,-1,-1
61,-1,595.48,110.21,32.35,126.56,0.667952,-1,-1,-1
62,-1,406.37,97.56,78.71,188.10,0.997685,-1,-1,-1
62,-1,176.72,96.08,43.32,158.98,0.986495,-1,-1,-1
62,-1,538.02,87.65,75.06,210.55,0.971942,-1,-1,-1
62,-1,595.95,109.91,32.33,128.68,0.756116,-1,-1,-1
62,-1,607.75,119.59,27.51,118.22,0.579749,-1,-1,-1
63,-1,410.03,90.56,83.91,201.20,0.994319,-1,-1,-1
63,-1,540.70,89.09,77.60,213.48,0.990450,-1,-1,-1
63,-1,176.43,95.22,43.69,158.26,0.989557,-1,-1,-1
63,-1,596.53,109.76,31.07,126.68,0.627147,-1,-1,-1
63,-1,608.98,125.91,25.70,105.56,0.517195,-1,-1,-1
64,-1,545.83,91.51,73.63,202.98,0.996147,-1,-1,-1
64,-1,175.95,95.47,43.49,159.49,0.990070,-1,-1,-1
64,-1,406.54,91.03,82.82,197.22,0.985973,-1,-1,-1
64,-1,440.47,99.66,66.38,183.72,0.614813,-1,-1,-1
65,-1,545.70,94.02,77.12,199.05,0.997960,-1,-1,-1
65,-1,174.67,94.49,44.89,159.34,0.987250,-1,-1,-1
65,-1,423.15,90.49,76.76,196.26,0.976375,-1,-1,-1
65,-1,395.88,92.77,65.08,186.76,0.962462,-1,-1,-1
65,-1,460.99,97.15,52.66,170.01,0.506388,-1,-1,-1
66,-1,547.91,95.53,77.46,196.61,0.997861,-1,-1,-1
66,-1,174.83,94.44,45.71,160.43,0.990772,-1,-1,-1
66,-1,435.13,88.89,65.81,197.09,0.976538,-1,-1,-1
66,-1,394.96,92.83,57.89,183.60,0.963850,-1,-1,-1
67,-1,550.15,95.48,73.47,198.58,0.998428,-1,-1,-1
67,-1,390.46,92.68,60.90,180.27,0.994525,-1,-1,-1
67,-1,449.10,94.85,62.68,190.30,0.992219,-1,-1,-1
67,-1,174.16,94.13,48.59,161.16,0.990314,-1,-1,-1
68,-1,550.92,93.07,71.27,199.30,0.997155,-1,-1,-1
68,-1,447.70,93.90,63.35,191.25,0.996797,-1,-1,-1
68,-1,389.61,93.99,59.66,179.57,0.996504,-1,-1,-1
68,-1,174.84,94.34,46.77,160.98,0.991117,-1,-1,-1
69,-1,446.59,94.08,64.64,188.92,0.997859,-1,-1,-1
69,-1,554.47,95.34,70.15,197.43,0.995571,-1,-1,-1
69,-1,389.68,92.76,57.00,178.02,0.993005,-1,-1,-1
69,-1,175.48,94.69,45.57,160.31,0.991798,-1,-1,-1
70,-1,446.21,94.48,65.62,186.90,0.998397,-1,-1,-1
70,-1,388.45,92.93,56.40,177.61,0.995462,-1,-1,-1
70,-1,175.11,93.04,45.89,161.78,0.991701,-1,-1,-1
70,-1,555.96,95.66,73.09,200.69,0.984791,-1,-1,-1
71,-1,447.70,93.28,65.85,189.31,0.998634,-1,-1,-1
71,-1,386.93,95.43,56.48,177.75,0.996682,-1,-1,-1
71,-1,558.30,94.28,73.19,202.37,0.995490,-1,-1,-1
71,-1,176.28,94.25,44.70,159.61,0.991713,-1,-1,-1
72,-1,450.54,94.07,64.59,186.91,0.998911,-1,-1,-1
72,-1,384.98,95.67,57.12,178.15,0.998498,-1,-1,-1
72,-1,561.48,92.46,71.07,204.06,0.995877,-1,-1,-1
72,-1,175.75,94.43,46.86,159.14,0.991735,-1,-1,-1
73,-1,453.48,93.89,63.01,188.45,0.998830,-1,-1,-1
73,-1,382.98,97.51,58.62,175.40,0.998261,-1,-1,-1
73,-1,565.28,88.54,69.49,209.18,0.995289,-1,-1,-1
73,-1,176.59,92.76,45.49,161.04,0.988315,-1,-1,-1
74,-1,458.28,95.07,61.72,186.48,0.998616,-1,-1,-1
74,-1,377.03,98.57,60.99,171.51,0.996418,-1,-1,-1
74,-1,176.16,94.31,52.88,157.63,0.990975,-1,-1,-1
74,-1,568.75,89.89,69.46,201.95,0.983859,-1,-1,-1
75,-1,374.27,98.94,61.45,170.91,0.998757,-1,-1,-1
75,-1,460.11,95.62,64.73,186.04,0.998673,-1,-1,-1
75,-1,178.83,94.73,52.24,157.48,0.988614,-1,-1,-1
75,-1,570.30,89.71,67.17,201.19,0.987191,-1,-1,-1
76,-1,463.11,95.23,64.82,184.71,0.999194,-1,-1,-1
76,-1,372.38,98.57,62.15,172.27,0.999143,-1,-1,-1
76,-1,178.01,93.44,53.64,157.87,0.991657,-1,-1,-1
76,-1,571.62,89.66,65.49,202.08,0.984599,-1,-1,-1
76,-1,550.27,115.56,28.08,78.21,0.582305,-1,-1,-1
77,-1,370.08,98.06,64.92,172.20,0.999285,-1,-1,-1
77,-1,466.09,94.36,70.30,185.42,0.997809,-1,-1,-1
77,-1,178.81,93.72,53.62,157.49,0.989967,-1,-1,-1
77,-1,569.03,88.92,69.28,200.09,0.979902,-1,-1,-1
77,-1,547.89,116.17,29.42,81.79,0.756374,-1,-1,-1
78,-1,368.03,97.35,66.18,171.86,0.999510,-1,-1,-1
78,-1,467.53,95.68,69.04,180.89,0.997372,-1,-1,-1
78,-1,179.74,93.69,53.69,156.81,0.988233,-1,-1,-1
78,-1,572.97,93.06,65.46,194.77,0.965278,-1,-1,-1
78,-1,561.29,102.80,49.05,179.80,0.728477,-1,-1,-1
78,-1,551.24,114.35,29.37,85.43,0.709691,-1,-1,-1
78,-1,556.00,105.54,36.49,133.87,0.512495,-1,-1,-1
79,-1,365.95,95.73,66.11,175.06,0.999112,-1,-1,-1
79,-1,469.58,92.72,71.02,184.85,0.998483,-1,-1,-1
79,-1,180.02,92.31,53.74,158.33,0.989235,-1,-1,-1
79,-1,576.31,96.11,63.12,191.44,0.962917,-1,-1,-1
79,-1,550.30,113.97,31.50,86.88,0.694880,-1,-1,-1
79,-1,560.50,106.13,45.98,173.99,0.671779,-1,-1,-1
80,-1,366.08,94.26,64.97,175.58,0.998745,-1,-1,-1
80,-1,471.79,93.01,69.91,183.59,0.998258,-1,-1,-1
80,-1,180.20,93.08,54.89,157.97,0.988323,-1,-1,-1
80,-1,565.77,93.79,73.24,197.98,0.971619,-1,-1,-1
80,-1,558.30,106.04,48.02,168.95,0.673899,-1,-1,-1
81,-1,363.82,94.83,65.29,174.76,0.998521,-1,-1,-1
81,-1,473.59,90.86,74.14,187.11,0.998311,-1,-1,-1
81,-1,179.94,92.77,54.32,159.11,0.993082,-1,-1,-1
81,-1,566.43,96.61,72.36,194.42,0.959094,-1,-1,-1
81,-1,553.47,114.34,33.34,74.07,0.558670,-1,-1,-1
82,-1,362.82,95.10,64.62,171.86,0.997259,-1,-1,-1
82,-1,476.24,92.52,72.92,185.91,0.997206,-1,-1,-1
82,-1,180.55,94.56,54.09,158.02,0.993964,-1,-1,-1
82,-1,568.17,107.32,53.40,179.40,0.936507,-1,-1,-1
82,-1,557.20,111.07,45.23,166.18,0.578083,-1,-1,-1
83,-1,479.57,93.12,72.52,188.28,0.997464,-1,-1,-1
83,-1,359.35,94.58,62.91,173.06,0.996847,-1,-1,-1
83,-1,180.56,95.12,54.70,158.35,0.995165,-1,-1,-1
83,-1,589.85,97.22,48.26,191.00,0.940844,-1,-1,-1
83,-1,569.40,109.15,55.87,178.17,0.912938,-1,-1,-1
84,-1,354.74,95.41,64.54,172.37,0.997059,-1,-1,-1
84,-1,181.28,94.66,55.13,160.10,0.996720,-1,-1,-1
84,-1,484.01,96.07,70.99,183.84,0.995854,-1,-1,-1
84,-1,588.05,106.64,46.66,185.30,0.918181,-1,-1,-1
84,-1,563.74,121.79,53.87,159.82,0.906481,-1,-1,-1
85,-1,181.67,93.79,55.42,161.17,0.996725,-1,-1,-1
85,-1,351.58,97.37,64.71,168.87,0.996292,-1,-1,-1
85,-1,485.79,98.27,74.19,182.03,0.994669,-1,-1,-1
85,-1,561.18,125.35,53.12,152.74,0.939634,-1,-1,-1
85,-1,595.54,98.04,43.29,187.34,0.889650,-1,-1,-1
86,-1,183.48,93.59,55.88,160.89,0.997152,-1,-1,-1
86,-1,350.47,98.47,62.34,166.02,0.995202,-1,-1,-1
86,-1,490.42,100.43,76.75,178.73,0.992118,-1,-1,-1
86,-1,600.97,95.50,39.03,190.90,0.945628,-1,-1,-1
86,-1,557.78,117.97,55.31,157.71,0.918705,-1,-1,-1
86,-1,515.67,103.55,84.74,175.35,0.538499,-1,-1,-1
87,-1,183.48,93.06,57.01,162.54,0.998030,-1,-1,-1
87,-1,494.36,102.25,81.81,175.79,0.994406,-1,-1,-1
87,-1,346.97,98.60,62.78,167.13,0.992733,-1,-1,-1
87,-1,605.62,95.69,34.38,190.64,0.926734,-1,-1,-1
87,-1,549.69,113.39,54.73,158.01,0.832517,-1,-1,-1
88,-1,184.13,92.45,56.83,163.74,0.998057,-1,-1,-1
88,-1,496.42,101.40,84.07,175.77,0.997521,-1,-1,-1
88,-1,346.73,99.72,58.89,164.96,0.984640,-1,-1,-1
88,-1,604.84,98.64,32.87,184.51,0.826279,-1,-1,-1
88,-1,548.11,111.35,51.29,158.95,0.690433,-1,-1,-1
88,-1,396.65,112.95,39.80,129.47,0.544557,-1,-1,-1
89,-1,184.27,92.55,57.13,164.90,0.998030,-1,-1,-1
89,-1,503.45,103.59,79.45,172.38,0.995180,-1,-1,-1
89,-1,345.44,99.71,57.21,164.29,0.985631,-1,-1,-1
89,-1,604.52,104.06,31.11,115.89,0.678343,-1,-1,-1
89,-1,398.24,110.60,39.66,128.82,0.677744,-1,-1,-1
89,-1,541.98,106.87,62.40,167.11,0.641732,-1,-1,-1
90,-1,185.09,92.69,57.46,163.68,0.997746,-1,-1,-1
90,-1,510.93,96.21,81.19,182.19,0.993586,-1,-1,-1
90,-1,339.72,97.97,60.43,166.08,0.988753,-1,-1,-1
90,-1,599.54,104.89,31.78,107.54,0.532661,-1,-1,-1
90,-1,402.73,110.46,39.96,114.78,0.527332,-1,-1,-1
91,-1,186.60,93.17,57.11,162.30,0.997098,-1,-1,-1
91,-1,516.19,93.13,80.48,183.84,0.994635,-1,-1,-1
91,-1,329.68,97.49,71.18,169.93,0.992144,-1,-1,-1
91,-1,402.08,112.12,40.32,110.59,0.581623,-1,-1,-1
92,-1,186.97,92.77,57.74,163.10,0.995798,-1,-1,-1
92,-1,325.93,99.46,73.73,166.27,0.994942,-1,-1,-1
92,-1,518.24,91.74,78.32,183.72,0.992059,-1,-1,-1
92,-1,402.09,112.81,40.91,107.18,0.541007,-1,-1,-1
93,-1,321.02,98.00,79.37,167.26,0.997947,-1,-1,-1
93,-1,187.30,92.31,57.38,165.08,0.996122,-1,-1,-1
93,-1,523.46,96.16,74.44,179.51,0.992135,-1,-1,-1
93,-1,395.79,111.36,43.85,126.62,0.783136,-1,-1,-1
94,-1,320.68,96.35,79.35,169.28,0.998059,-1,-1,-1
94,-1,188.55,92.41,57.34,164.97,0.995585,-1,-1,-1
94,-1,525.09,96.63,70.18,178.58,0.990670,-1,-1,-1
94,-1,392.45,110.67,46.24,132.42,0.899097,-1,-1,-1
95,-1,323.36,94.12,75.79,171.36,0.997982,-1,-1,-1
95,-1,190.32,90.96,53.86,163.88,0.997828,-1,-1,-1
95,-1,516.27,93.65,75.71,183.03,0.994824,-1,-1,-1
95,-1,387.71,109.66,51.02,136.74,0.965095,-1,-1,-1
96,-1,190.74,90.85,54.41,164.70,0.997776,-1,-1,-1
96,-1,327.07,93.20,69.91,172.36,0.997138,-1,-1,-1
96,-1,522.50,96.09,76.12,177.19,0.993764,-1,-1,-1
96,-1,386.49,109.58,51.26,137.52,0.973747,-1,-1,-1
97,-1,189.59,89.64,55.80,166.71,0.998588,-1,-1,-1
97,-1,326.88,93.20,69.99,172.81,0.996886,-1,-1,-1
97,-1,522.54,99.27,83.37,176.38,0.987022,-1,-1,-1
97,-1,385.59,108.80,52.11,139.24,0.973233,-1,-1,-1
98,-1,190.46,89.46,55.30,167.68,0.998123,-1,-1,-1
98,-1,326.85,89.47,66.01,175.91,0.994121,-1,-1,-1
98,-1,383.89,111.17,53.99,137.90,0.976373,-1,-1,-1
98,-1,527.13,99.46,84.87,176.95,0.969585,-1,-1,-1
98,-1,513.37,110.82,54.02,157.57,0.805496,-1,-1,-1
99,-1,190.59,89.84,55.14,167.42,0.997649,-1,-1,-1
99,-1,326.85,88.29,63.70,177.31,0.993778,-1,-1,-1
99,-1,528.32,101.18,90.26,175.66,0.983808,-1,-1,-1
99,-1,381.83,110.49,55.39,138.71,0.968665,-1,-1,-1
99,-1,512.18,124.34,52.22,145.34,0.834993,-1,-1,-1
100,-1,190.56,91.07,55.07,165.59,0.997599,-1,-1,-1
100,-1,323.63,89.39,64.49,174.96,0.996243,-1,-1,-1
100,-1,543.22,103.46,71.79,172.94,0.976333,-1,-1,-1
100,-1,381.09,111.59,56.02,138.46,0.953316,-1,-1,-1
100,-1,511.37,119.11,51.74,151.79,0.933346,-1,-1,-1
101,-1,321.39,90.49,63.47,173.30,0.997655,-1,-1,-1
101,-1,190.43,90.28,55.41,166.95,0.997344,-1,-1,-1
101,-1,546.83,103.79,69.14,172.48,0.982585,-1,-1,-1
101,-1,510.67,116.47,50.84,151.38,0.945955,-1,-1,-1
101,-1,383.29,111.96,53.52,134.58,0.936199,-1,-1,-1
102,-1,318.41,89.28,64.66,174.11,0.998376,-1,-1,-1
102,-1,190.70,91.10,55.78,164.88,0.996427,-1,-1,-1
102,-1,548.26,106.83,71.03,167.92,0.986606,-1,-1,-1
102,-1,384.28,109.96,53.87,133.68,0.945958,-1,-1,-1
102,-1,505.65,120.12,53.44,147.51,0.935731,-1,-1,-1
103,-1,317.84,90.48,62.72,173.23,0.998519,-1,-1,-1
103,-1,190.33,90.46,55.64,166.51,0.996024,-1,-1,-1
103,-1,384.16,108.81,54.23,132.85,0.962314,-1,-1,-1
103,-1,559.51,105.55,63.41,167.60,0.927742,-1,-1,-1
103,-1,501.31,123.50,53.23,144.28,0.903457,-1,-1,-1
104,-1,317.29,88.07,61.79,174.96,0.998135,-1,-1,-1
104,-1,190.46,91.34,55.23,164.46,0.995140,-1,-1,-1
104,-1,384.46,108.92,51.78,130.38,0.970609,-1,-1,-1
104,-1,572.03,98.59,49.54,170.89,0.949755,-1,-1,-1
104,-1,497.67,121.16,55.67,143.85,0.877648,-1,-1,-1
105,-1,315.16,86.60,60.39,176.50,0.998563,-1,-1,-1
105,-1,189.74,91.17,55.88,165.30,0.995627,-1,-1,-1
105,-1,574.54,96.14,50.23,173.86,0.980439,-1,-1,-1
105,-1,384.62,108.11,53.39,130.35,0.957811,-1,-1,-1
105,-1,489.12,122.00,59.69,144.44,0.845653,-1,-1,-1
106,-1,314.93,90.16,58.72,171.50,0.998486,-1,-1,-1
106,-1,190.09,91.03,55.78,164.83,0.995602,-1,-1,-1
106,-1,575.46,93.83,52.60,175.78,0.990905,-1,-1,-1
106,-1,385.81,107.71,52.77,130.48,0.938530,-1,-1,-1
106,-1,481.55,117.65,68.02,149.09,0.885533,-1,-1,-1
107,-1,314.51,92.83,56.84,168.48,0.997954,-1,-1,-1
107,-1,190.09,90.92,53.80,164.90,0.996563,-1,-1,-1
107,-1,466.38,124.09,68.19,140.70,0.989469,-1,-1,-1
107,-1,577.97,94.23,53.13,172.44,0.989463,-1,-1,-1
107,-1,383.92,106.84,43.06,130.14,0.937118,-1,-1,-1
108,-1,457.12,125.45,81.17,137.93,0.997592,-1,-1,-1
108,-1,314.63,94.36,56.36,165.28,0.997051,-1,-1,-1
108,-1,189.48,90.55,54.15,165.57,0.996624,-1,-1,-1
108,-1,579.78,96.66,54.98,168.84,0.987318,-1,-1,-1
108,-1,384.49,106.82,41.66,130.92,0.953902,-1,-1,-1
108,-1,539.12,106.30,40.72,120.36,0.651198,-1,-1,-1
109,-1,452.67,125.74,89.50,138.19,0.998367,-1,-1,-1
109,-1,190.00,91.57,52.29,162.99,0.996737,-1,-1,-1
109,-1,313.32,96.20,55.84,163.16,0.996692,-1,-1,-1
109,-1,582.24,98.45,54.75,166.99,0.987294,-1,-1,-1
109,-1,384.63,106.95,41.74,131.25,0.953330,-1,-1,-1
109,-1,536.02,106.88,40.58,115.08,0.548248,-1,-1,-1
110,-1,451.07,131.90,94.59,132.29,0.998643,-1,-1,-1
110,-1,190.36,91.39,52.13,162.45,0.996614,-1,-1,-1
110,-1,311.46,95.93,55.71,165.03,0.995366,-1,-1,-1
110,-1,584.22,96.58,54.96,166.51,0.991160,-1,-1,-1
110,-1,386.71,110.08,52.73,130.61,0.946138,-1,-1,-1
110,-1,523.28,103.80,50.08,127.53,0.638477,-1,-1,-1
110,-1,495.90,116.98,63.53,141.47,0.559653,-1,-1,-1
111,-1,449.27,131.09,93.34,132.89,0.998694,-1,-1,-1
111,-1,190.10,90.99,53.56,162.48,0.996158,-1,-1,-1
111,-1,309.93,95.05,56.49,167.36,0.995354,-1,-1,-1
111,-1,584.34,94.26,55.37,168.40,0.991056,-1,-1,-1
111,-1,386.24,110.63,52.67,130.29,0.966891,-1,-1,-1
111,-1,525.46,104.28,48.70,125.17,0.688506,-1,-1,-1
111,-1,512.16,115.00,50.26,139.63,0.646775,-1,-1,-1
112,-1,448.81,124.04,83.77,139.09,0.997564,-1,-1,-1
112,-1,190.47,89.21,53.50,164.55,0.996878,-1,-1,-1
112,-1,308.88,94.65,55.45,168.00,0.996104,-1,-1,-1
112,-1,586.21,94.04,53.43,170.55,0.988494,-1,-1,-1
112,-1,387.44,110.83,51.79,130.16,0.969730,-1,-1,-1
112,-1,516.17,108.91,48.78,148.03,0.857738,-1,-1,-1
113,-1,190.58,89.21,53.95,164.53,0.996657,-1,-1,-1
113,-1,307.46,94.47,54.94,168.03,0.995996,-1,-1,-1
113,-1,445.30,129.88,79.26,133.18,0.993171,-1,-1,-1
113,-1,386.65,108.91,52.18,132.95,0.985988,-1,-1,-1
113,-1,590.18,95.39,49.52,167.89,0.976608,-1,-1,-1
113,-1,513.07,106.02,54.84,149.66,0.947123,-1,-1,-1
114,-1,191.52,88.20,52.90,166.17,0.996670,-1,-1,-1
114,-1,306.67,95.29,53.56,166.96,0.995988,-1,-1,-1
114,-1,447.42,132.02,76.62,132.98,0.989095,-1,-1,-1
114,-1,387.55,111.04,52.36,133.06,0.982768,-1,-1,-1
114,-1,594.66,97.79,45.34,164.24,0.973114,-1,-1,-1
114,-1,512.42,107.80,53.30,146.65,0.909278,-1,-1,-1
115,-1,191.37,86.40,54.23,168.08,0.996698,-1,-1,-1
115,-1,305.58,94.37,54.22,167.80,0.995984,-1,-1,-1
115,-1,387.89,111.23,50.57,133.27,0.982674,-1,-1,-1
115,-1,597.13,98.56,42.87,164.71,0.977037,-1,-1,-1
115,-1,449.50,127.80,64.12,137.06,0.971072,-1,-1,-1
115,-1,510.19,108.04,53.36,147.02,0.925101,-1,-1,-1
116,-1,191.62,87.55,54.60,167.28,0.996826,-1,-1,-1
116,-1,303.35,94.75,55.71,165.71,0.995667,-1,-1,-1
116,-1,601.37,96.89,38.25,167.73,0.976472,-1,-1,-1
116,-1,388.11,112.07,48.18,132.97,0.966406,-1,-1,-1
116,-1,506.78,107.80,53.25,145.30,0.935431,-1,-1,-1
116,-1,446.99,125.31,59.52,139.77,0.890813,-1,-1,-1
117,-1,191.95,87.92,55.24,166.53,0.996122,-1,-1,-1
117,-1,302.90,94.36,55.45,166.00,0.994726,-1,-1,-1
117,-1,602.85,95.55,36.89,171.26,0.975261,-1,-1,-1
117,-1,389.87,113.22,45.90,131.50,0.959177,-1,-1,-1
117,-1,503.58,108.04,53.94,143.86,0.935867,-1,-1,-1
117,-1,441.91,129.54,60.25,135.78,0.933813,-1,-1,-1
118,-1,192.04,88.08,55.22,166.53,0.997235,-1,-1,-1
118,-1,301.77,93.09,56.92,167.82,0.995286,-1,-1,-1
118,-1,603.76,98.31,36.13,165.50,0.963261,-1,-1,-1
118,-1,444.40,116.92,53.26,149.55,0.958244,-1,-1,-1
118,-1,502.25,107.61,53.87,143.33,0.956089,-1,-1,-1
118,-1,391.63,114.11,44.35,132.58,0.947050,-1,-1,-1
119,-1,192.40,89.29,55.18,165.33,0.997051,-1,-1,-1
119,-1,301.72,94.56,55.94,166.31,0.994177,-1,-1,-1
119,-1,390.05,113.38,45.69,134.67,0.968492,-1,-1,-1
119,-1,437.13,117.47,52.79,147.04,0.967564,-1,-1,-1
119,-1,607.61,98.30,32.39,167.73,0.965285,-1,-1,-1
119,-1,501.53,108.28,52.61,144.42,0.946932,-1,-1,-1
120,-1,192.71,88.45,55.73,166.27,0.997319,-1,-1,-1
120,-1,301.91,92.56,55.57,168.07,0.995060,-1,-1,-1
120,-1,500.67,106.77,53.67,145.34,0.972474,-1,-1,-1
120,-1,435.13,116.58,50.00,144.95,0.969774,-1,-1,-1
120,-1,610.43,102.67,29.57,161.86,0.954753,-1,-1,-1
120,-1,395.11,112.18,40.74,134.84,0.910664,-1,-1,-1
121,-1,193.09,90.32,55.52,163.92,0.997089,-1,-1,-1
121,-1,301.93,91.91,54.30,167.67,0.995517,-1,-1,-1
121,-1,501.03,106.31,53.05,144.90,0.972743,-1,-1,-1
121,-1,613.45,105.49,26.55,159.39,0.959276,-1,-1,-1
121,-1,433.70,117.12,50.58,143.58,0.957147,-1,-1,-1
121,-1,395.75,113.23,39.98,133.61,0.913514,-1,-1,-1
122,-1,192.70,90.83,55.78,162.91,0.997649,-1,-1,-1
122,-1,301.73,93.37,53.78,163.37,0.992808,-1,-1,-1
122,-1,616.66,110.01,23.34,156.05,0.958072,-1,-1,-1
122,-1,434.48,117.99,46.92,142.51,0.956075,-1,-1,-1
122,-1,500.13,106.50,50.54,142.38,0.946372,-1,-1,-1
122,-1,401.24,113.08,37.59,134.55,0.829895,-1,-1,-1
123,-1,192.58,91.21,56.57,162.67,0.997781,-1,-1,-1
123,-1,301.36,94.01,52.96,163.74,0.992788,-1,-1,-1
123,-1,430.60,116.93,49.78,144.28,0.958755,-1,-1,-1
123,-1,498.00,105.64,51.10,145.40,0.954578,-1,-1,-1
123,-1,617.30,116.63,22.70,148.61,0.930897,-1,-1,-1
123,-1,415.55,110.93,38.44,146.85,0.790680,-1,-1,-1
124,-1,192.93,91.76,56.15,161.19,0.997376,-1,-1,-1
124,-1,301.36,91.36,52.20,165.66,0.994038,-1,-1,-1
124,-1,495.37,106.31,51.68,145.79,0.932033,-1,-1,-1
124,-1,411.97,108.44,45.63,152.34,0.899974,-1,-1,-1
124,-1,617.34,129.39,22.66,135.27,0.692203,-1,-1,-1
124,-1,428.76,113.55,51.77,147.78,0.651500,-1,-1,-1
125,-1,193.07,91.45,56.19,161.53,0.997305,-1,-1,-1
125,-1,299.42,91.93,52.63,165.81,0.994408,-1,-1,-1
125,-1,411.44,114.01,59.06,148.62,0.951519,-1,-1,-1
125,-1,491.30,105.81,55.48,147.58,0.909893,-1,-1,-1
125,-1,617.41,135.20,22.59,130.75,0.558864,-1,-1,-1
126,-1,193.00,91.42,56.58,161.46,0.997440,-1,-1,-1
126,-1,297.13,92.49,53.38,166.30,0.995950,-1,-1,-1
126,-1,407.41,109.48,65.57,155.19,0.986153,-1,-1,-1
126,-1,488.50,105.02,57.85,148.80,0.901336,-1,-1,-1
127,-1,400.19,108.73,75.24,155.91,0.997959,-1,-1,-1
127,-1,192.96,91.00,56.46,162.03,0.997494,-1,-1,-1
127,-1,296.11,93.88,53.56,165.95,0.994631,-1,-1,-1
127,-1,487.64,108.64,56.14,145.20,0.915616,-1,-1,-1
128,-1,398.31,110.39,76.96,154.50,0.997860,-1,-1,-1
128,-1,193.44,91.79,55.77,160.45,0.996969,-1,-1,-1
128,-1,294.49,93.50,54.41,166.52,0.995138,-1,-1,-1
128,-1,487.27,107.58,57.60,144.84,0.902350,-1,-1,-1
129,-1,193.55,91.80,55.86,160.03,0.997340,-1,-1,-1
129,-1,396.10,112.72,76.88,151.31,0.997089,-1,-1,-1
129,-1,290.64,93.70,59.97,166.68,0.994353,-1,-1,-1
129,-1,488.02,110.18,56.21,142.55,0.909801,-1,-1,-1
130,-1,193.49,91.74,55.51,158.99,0.997539,-1,-1,-1
130,-1,289.53,89.36,60.36,170.98,0.995600,-1,-1,-1
130,-1,397.04,113.04,71.36,150.57,0.995548,-1,-1,-1
130,-1,485.22,111.47,57.94,141.11,0.923763,-1,-1,-1
131,-1,193.35,91.82,56.08,157.85,0.997446,-1,-1,-1
131,-1,284.25,88.66,65.66,171.05,0.992459,-1,-1,-1
131,-1,398.39,112.44,66.40,150.79,0.991343,-1,-1,-1
131,-1,481.41,116.50,60.28,135.60,0.899550,-1,-1,-1
131,-1,0.33,90.16,32.99,196.31,0.573743,-1,-1,-1
132,-1,192.90,91.76,56.57,157.78,0.997643,-1,-1,-1
132,-1,275.90,94.19,70.19,162.20,0.996628,-1,-1,-1
132,-1,396.59,111.08,62.98,152.38,0.991659,-1,-1,-1
132,-1,478.48,117.27,63.46,135.98,0.873333,-1,-1,-1
132,-1,1.27,99.70,34.08,189.63,0.554849,-1,-1,-1
133,-1,271.19,94.75,73.11,161.10,0.997855,-1,-1,-1
133,-1,194.21,91.25,56.04,158.80,0.997115,-1,-1,-1
133,-1,395.02,111.19,60.58,152.06,0.989291,-1,-1,-1
133,-1,477.00,115.17,63.05,137.62,0.824812,-1,-1,-1
133,-1,1.61,117.10,36.51,174.65,0.584589,-1,-1,-1
134,-1,271.63,96.42,70.47,158.81,0.997935,-1,-1,-1
134,-1,192.70,91.25,57.07,158.29,0.997276,-1,-1,-1
134,-1,393.84,115.38,59.28,147.86,0.989146,-1,-1,-1
134,-1,468.48,115.97,60.20,136.97,0.799743,-1,-1,-1
134,-1,2.81,135.34,38.73,159.94,0.791342,-1,-1,-1
135,-1,271.43,94.81,68.90,159.62,0.997957,-1,-1,-1
135,-1,193.88,89.78,55.86,161.47,0.997475,-1,-1,-1
135,-1,392.95,114.36,57.79,146.91,0.985825,-1,-1,-1
135,-1,473.03,115.94,56.58,137.98,0.944119,-1,-1,-1
135,-1,0.24,125.45,42.02,168.09,0.849387,-1,-1,-1
136,-1,194.78,89.53,54.54,161.31,0.997396,-1,-1,-1
136,-1,273.11,95.08,64.15,160.94,0.992553,-1,-1,-1
136,-1,393.39,113.15,53.76,145.80,0.984030,-1,-1,-1
136,-1,471.20,117.01,55.79,135.14,0.934281,-1,-1,-1
136,-1,0.00,115.99,60.66,176.57,0.877423,-1,-1,-1
137,-1,194.13,90.73,54.48,160.59,0.997075,-1,-1,-1
137,-1,274.09,95.49,59.45,158.05,0.989941,-1,-1,-1
137,-1,393.76,113.08,50.68,145.19,0.984059,-1,-1,-1
137,-1,464.01,112.09,54.18,142.19,0.915066,-1,-1,-1
137,-1,0.00,105.66,60.86,186.64,0.870609,-1,-1,-1
138,-1,194.28,90.56,54.71,160.74,0.996080,-1,-1,-1
138,-1,272.91,96.50,59.51,157.77,0.994873,-1,-1,-1
138,-1,390.82,118.47,53.26,142.21,0.986218,-1,-1,-1
138,-1,463.75,112.52,54.98,142.33,0.933658,-1,-1,-1
138,-1,2.73,106.52,53.50,186.54,0.884725,-1,-1,-1
139,-1,268.82,95.19,62.78,157.92,0.997233,-1,-1,-1
139,-1,192.90,90.67,55.22,160.36,0.995778,-1,-1,-1
139,-1,388.30,111.40,55.42,148.58,0.984552,-1,-1,-1
139,-1,3.96,113.78,38.61,182.48,0.962222,-1,-1,-1
139,-1,462.74,111.69,50.37,141.50,0.938335,-1,-1,-1
140,-1,264.38,94.69,66.63,159.22,0.997594,-1,-1,-1
140,-1,193.38,89.68,54.76,161.48,0.996201,-1,-1,-1
140,-1,378.80,110.93,65.01,151.29,0.985439,-1,-1,-1
140,-1,3.82,111.90,39.94,183.36,0.963327,-1,-1,-1
140,-1,461.40,111.09,52.00,143.07,0.913074,-1,-1,-1
141,-1,262.57,94.37,68.00,159.31,0.998327,-1,-1,-1
141,-1,192.26,90.32,54.82,159.95,0.997064,-1,-1,-1
141,-1,368.29,112.72,78.35,147.22,0.979949,-1,-1,-1
141,-1,5.32,89.75,37.14,205.96,0.942585,-1,-1,-1
141,-1,461.91,110.65,50.65,140.45,0.936506,-1,-1,-1
142,-1,262.90,91.74,64.80,162.18,0.998013,-1,-1,-1
142,-1,193.43,90.59,52.39,159.94,0.996685,-1,-1,-1
142,-1,365.37,114.04,76.56,145.00,0.989131,-1,-1,-1
142,-1,8.37,97.02,33.22,197.49,0.965403,-1,-1,-1
142,-1,460.20,110.18,51.90,144.05,0.958931,-1,-1,-1
143,-1,261.85,92.07,63.36,161.02,0.997927,-1,-1,-1
143,-1,192.76,90.76,51.82,158.74,0.997062,-1,-1,-1
143,-1,362.94,115.97,80.89,142.19,0.996307,-1,-1,-1
143,-1,458.92,110.17,53.47,143.72,0.967060,-1,-1,-1
143,-1,9.99,99.90,32.41,196.33,0.909233,-1,-1,-1
144,-1,192.65,92.70,52.57,155.23,0.996418,-1,-1,-1
144,-1,262.81,92.76,58.41,158.38,0.995048,-1,-1,-1
144,-1,365.90,114.86,73.60,141.74,0.993035,-1,-1,-1
144,-1,11.18,103.78,55.25,188.70,0.968508,-1,-1,-1
144,-1,463.31,110.91,48.30,144.13,0.961911,-1,-1,-1
145,-1,262.22,92.79,57.60,158.72,0.996722,-1,-1,-1
145,-1,192.56,94.06,51.07,153.21,0.995483,-1,-1,-1
145,-1,16.32,111.72,59.37,180.14,0.991481,-1,-1,-1
145,-1,365.52,111.71,73.71,145.16,0.991077,-1,-1,-1
145,-1,465.27,112.06,44.26,143.55,0.926295,-1,-1,-1
146,-1,260.43,91.67,58.57,159.18,0.997310,-1,-1,-1
146,-1,191.47,94.05,51.13,155.34,0.995229,-1,-1,-1
146,-1,19.89,109.25,67.42,180.25,0.994940,-1,-1,-1
146,-1,365.46,111.95,63.62,145.22,0.976680,-1,-1,-1
146,-1,463.63,110.62,46.67,142.71,0.915609,-1,-1,-1
146,-1,398.48,111.14,47.64,144.79,0.670326,-1,-1,-1
147,-1,20.14,108.72,73.61,179.69,0.998015,-1,-1,-1
147,-1,259.58,92.64,58.19,159.08,0.997466,-1,-1,-1
147,-1,191.18,93.73,51.54,153.85,0.994090,-1,-1,-1
147,-1,363.22,113.48,54.51,143.03,0.962017,-1,-1,-1
147,-1,465.16,111.09,41.74,141.78,0.903352,-1,-1,-1
147,-1,409.08,112.96,39.39,140.61,0.601691,-1,-1,-1
148,-1,21.65,111.97,77.14,175.56,0.998120,-1,-1,-1
148,-1,257.59,91.23,59.89,161.01,0.997033,-1,-1,-1
148,-1,190.81,93.58,52.05,153.81,0.993500,-1,-1,-1
148,-1,359.91,117.10,58.33,139.37,0.960952,-1,-1,-1
148,-1,465.74,112.80,41.53,141.11,0.869332,-1,-1,-1
148,-1,412.82,116.51,41.46,136.57,0.635497,-1,-1,-1
149,-1,258.61,92.01,58.67,159.94,0.997389,-1,-1,-1
149,-1,25.02,114.15,75.52,172.45,0.995869,-1,-1,-1
149,-1,190.78,93.27,51.49,153.57,0.993844,-1,-1,-1
149,-1,360.17,115.54,53.94,142.02,0.944230,-1,-1,-1
149,-1,466.21,112.48,41.51,142.03,0.878902,-1,-1,-1
149,-1,412.53,115.13,41.25,138.80,0.762667,-1,-1,-1
150,-1,259.00,94.11,56.98,158.25,0.997728,-1,-1,-1
150,-1,27.11,117.73,77.10,168.06,0.997480,-1,-1,-1
150,-1,188.73,93.09,53.02,153.60,0.993427,-1,-1,-1
150,-1,359.81,113.88,52.70,143.55,0.944948,-1,-1,-1
150,-1,464.77,112.18,43.11,141.65,0.878139,-1,-1,-1
150,-1,410.60,116.60,39.42,136.82,0.649311,-1,-1,-1
151,-1,27.61,118.47,77.93,167.67,0.998558,-1,-1,-1
151,-1,258.98,93.98,56.12,158.06,0.997369,-1,-1,-1
151,-1,190.08,89.63,46.11,156.76,0.993145,-1,-1,-1
151,-1,353.28,115.71,54.22,139.37,0.963943,-1,-1,-1
151,-1,465.07,112.45,42.82,140.51,0.833858,-1,-1,-1
151,-1,412.42,116.21,39.61,136.59,0.625591,-1,-1,-1
152,-1,260.16,96.06,57.41,157.83,0.996675,-1,-1,-1
152,-1,189.84,93.93,51.64,155.26,0.991439,-1,-1,-1
152,-1,28.88,115.92,73.04,169.32,0.990405,-1,-1,-1
152,-1,351.75,116.55,53.95,139.05,0.969308,-1,-1,-1
152,-1,463.77,110.94,43.71,139.82,0.829798,-1,-1,-1
152,-1,413.28,116.60,44.35,139.17,0.806752,-1,-1,-1
153,-1,260.52,96.05,55.72,158.05,0.996508,-1,-1,-1
153,-1,189.64,92.95,51.99,156.88,0.991575,-1,-1,-1
153,-1,47.65,113.31,62.23,172.41,0.988165,-1,-1,-1
153,-1,351.48,115.53,52.60,139.48,0.968414,-1,-1,-1
153,-1,462.10,109.78,46.41,140.35,0.828772,-1,-1,-1
153,-1,410.35,117.07,48.30,138.26,0.813649,-1,-1,-1
154,-1,260.09,96.77,55.66,157.87,0.995081,-1,-1,-1
154,-1,188.83,93.01,52.44,156.75,0.989938,-1,-1,-1
154,-1,56.27,109.03,56.79,174.59,0.984158,-1,-1,-1
154,-1,350.55,114.30,53.27,141.29,0.957553,-1,-1,-1
154,-1,461.65,107.76,45.78,142.84,0.862734,-1,-1,-1
154,-1,410.60,113.78,47.20,141.00,0.747504,-1,-1,-1
155,-1,259.75,95.81,56.14,159.07,0.996104,-1,-1,-1
155,-1,63.82,110.38,53.75,173.33,0.992799,-1,-1,-1
155,-1,188.66,93.74,52.86,156.02,0.990254,-1,-1,-1
155,-1,348.54,116.42,51.63,135.87,0.944114,-1,-1,-1
155,-1,463.21,111.21,40.85,139.91,0.797487,-1,-1,-1
155,-1,413.42,116.12,40.33,139.76,0.759626,-1,-1,-1
156,-1,259.21,93.95,54.18,159.88,0.995940,-1,-1,-1
156,-1,66.98,112.35,54.01,173.39,0.994139,-1,-1,-1
156,-1,188.01,93.60,54.14,156.05,0.988465,-1,-1,-1
156,-1,348.49,119.33,48.31,132.80,0.960162,-1,-1,-1
156,-1,463.00,113.53,38.87,138.05,0.767143,-1,-1,-1
156,-1,418.16,115.60,37.24,134.46,0.647675,-1,-1,-1
157,-1,73.44,115.55,51.49,170.85,0.996824,-1,-1,-1
157,-1,258.00,93.65,55.01,160.43,0.995011,-1,-1,-1
157,-1,187.48,93.77,54.88,155.76,0.984799,-1,-1,-1
157,-1,347.02,120.99,46.34,132.45,0.973581,-1,-1,-1
157,-1,462.33,114.38,38.55,137.71,0.730640,-1,-1,-1
157,-1,418.83,115.50,38.51,136.20,0.679203,-1,-1,-1
158,-1,258.50,93.73,54.50,159.27,0.994995,-1,-1,-1
158,-1,79.63,116.36,49.50,167.79,0.993018,-1,-1,-1
158,-1,190.03,93.27,49.29,159.40,0.987647,-1,-1,-1
158,-1,345.10,119.45,45.37,134.09,0.975201,-1,-1,-1
158,-1,418.94,115.11,40.04,138.07,0.740083,-1,-1,-1
158,-1,460.03,115.81,39.91,136.55,0.711746,-1,-1,-1
159,-1,258.12,94.53,53.31,158.26,0.993883,-1,-1,-1
159,-1,84.41,117.49,49.96,164.98,0.981696,-1,-1,-1
159,-1,342.19,117.99,47.19,136.25,0.977411,-1,-1,-1
159,-1,188.92,94.85,54.03,153.66,0.975889,-1,-1,-1
159,-1,419.43,114.83,40.19,140.14,0.734762,-1,-1,-1
159,-1,457.79,115.14,40.72,141.09,0.690610,-1,-1,-1
160,-1,258.31,95.26,53.35,157.05,0.993365,-1,-1,-1
160,-1,190.02,94.36,53.39,152.06,0.981065,-1,-1,-1
160,-1,340.98,117.93,47.14,137.01,0.980068,-1,-1,-1
160,-1,87.12,118.70,55.86,164.03,0.955521,-1,-1,-1
160,-1,458.12,118.69,40.67,136.70,0.702172,-1,-1,-1
160,-1,408.00,118.49,40.48,140.61,0.683149,-1,-1,-1
160,-1,420.36,114.70,42.65,147.99,0.536587,-1,-1,-1
161,-1,193.78,93.79,47.24,155.62,0.993147,-1,-1,-1
161,-1,258.22,92.80,52.93,158.92,0.992721,-1,-1,-1
161,-1,339.55,115.64,49.25,139.49,0.983120,-1,-1,-1
161,-1,90.68,125.43,72.75,156.35,0.901192,-1,-1,-1
161,-1,404.91,119.05,41.71,139.31,0.722214,-1,-1,-1
161,-1,454.73,117.78,42.71,139.75,0.691535,-1,-1,-1
161,-1,419.37,115.96,40.31,140.08,0.612539,-1,-1,-1
162,-1,257.47,91.79,52.51,157.78,0.992540,-1,-1,-1
162,-1,93.32,113.88,79.40,170.98,0.976892,-1,-1,-1
162,-1,341.32,117.99,46.79,138.32,0.973319,-1,-1,-1
162,-1,192.54,95.40,51.73,150.84,0.973189,-1,-1,-1
162,-1,408.29,115.60,42.07,143.30,0.745663,-1,-1,-1
162,-1,453.08,116.36,41.85,142.12,0.696138,-1,-1,-1
162,-1,421.26,112.65,44.93,150.99,0.610146,-1,-1,-1
163,-1,91.82,111.62,90.18,172.20,0.992584,-1,-1,-1
163,-1,257.98,92.33,53.26,156.54,0.991627,-1,-1,-1
163,-1,193.18,95.48,51.44,150.32,0.975877,-1,-1,-1
163,-1,337.21,120.35,46.99,131.46,0.961471,-1,-1,-1
163,-1,407.48,116.10,43.33,142.37,0.770323,-1,-1,-1
163,-1,450.50,115.39,42.53,142.65,0.709120,-1,-1,-1
163,-1,423.30,112.22,43.74,152.35,0.591548,-1,-1,-1
164,-1,92.79,118.62,89.25,165.08,0.995102,-1,-1,-1
164,-1,257.38,91.20,54.31,156.98,0.992068,-1,-1,-1
164,-1,193.79,95.77,51.10,149.54,0.974995,-1,-1,-1
164,-1,337.43,119.88,46.93,131.82,0.966153,-1,-1,-1
164,-1,406.42,115.22,44.16,142.80,0.780231,-1,-1,-1
164,-1,447.35,112.59,44.43,144.89,0.701865,-1,-1,-1
164,-1,422.05,111.80,44.60,153.74,0.571784,-1,-1,-1
165,-1,257.55,91.13,54.18,157.36,0.991618,-1,-1,-1
165,-1,94.40,123.85,87.77,159.38,0.987222,-1,-1,-1
165,-1,193.31,96.11,51.41,148.97,0.969772,-1,-1,-1
165,-1,335.56,118.00,46.18,135.60,0.960745,-1,-1,-1
165,-1,433.72,110.69,52.35,150.66,0.729898,-1,-1,-1
165,-1,407.55,114.52,43.06,143.75,0.643678,-1,-1,-1
166,-1,258.18,91.48,54.66,155.48,0.992611,-1,-1,-1
166,-1,192.36,95.77,52.07,149.70,0.979371,-1,-1,-1
166,-1,93.19,114.39,89.96,168.30,0.971131,-1,-1,-1
166,-1,334.92,117.59,48.34,135.71,0.965783,-1,-1,-1
166,-1,431.40,108.65,53.53,153.87,0.754265,-1,-1,-1
166,-1,405.40,114.29,44.77,144.59,0.637489,-1,-1,-1
167,-1,257.90,92.97,53.34,153.16,0.990730,-1,-1,-1
167,-1,97.58,114.51,89.79,167.58,0.989215,-1,-1,-1
167,-1,334.05,116.12,50.60,137.83,0.981750,-1,-1,-1
167,-1,191.46,96.02,52.37,149.47,0.980063,-1,-1,-1
167,-1,401.25,115.93,46.16,143.63,0.749173,-1,-1,-1
167,-1,431.94,107.81,52.55,154.01,0.673345,-1,-1,-1
168,-1,256.91,93.03,53.50,153.16,0.990727,-1,-1,-1
168,-1,103.64,104.80,85.47,177.14,0.990711,-1,-1,-1
168,-1,189.99,94.67,53.18,149.67,0.981872,-1,-1,-1
168,-1,334.41,113.23,49.35,139.85,0.976868,-1,-1,-1
168,-1,397.43,114.79,46.13,144.84,0.662326,-1,-1,-1
168,-1,442.47,106.59,47.01,151.37,0.647935,-1,-1,-1
169,-1,256.95,93.84,51.89,153.15,0.991131,-1,-1,-1
169,-1,110.87,107.26,78.67,172.86,0.988075,-1,-1,-1
169,-1,190.26,94.09,52.16,150.80,0.985264,-1,-1,-1
169,-1,333.46,114.07,48.77,138.47,0.969276,-1,-1,-1
169,-1,392.18,117.05,48.38,143.39,0.715297,-1,-1,-1
169,-1,440.61,107.86,47.09,149.21,0.641980,-1,-1,-1
170,-1,114.94,109.32,72.81,170.81,0.993610,-1,-1,-1
170,-1,256.25,93.60,52.80,153.71,0.991104,-1,-1,-1
170,-1,191.68,94.41,48.75,150.69,0.983060,-1,-1,-1
170,-1,333.27,115.84,46.58,135.38,0.965454,-1,-1,-1
170,-1,439.70,107.17,48.30,149.75,0.620802,-1,-1,-1
171,-1,119.07,116.62,69.43,162.41,0.993863,-1,-1,-1
171,-1,255.42,94.53,51.34,152.99,0.991262,-1,-1,-1
171,-1,192.51,93.47,47.32,151.07,0.987314,-1,-1,-1
171,-1,327.96,116.05,48.73,136.61,0.966967,-1,-1,-1
171,-1,436.48,107.55,52.61,153.88,0.547581,-1,-1,-1
172,-1,255.26,95.04,49.23,152.94,0.991020,-1,-1,-1
172,-1,129.30,120.95,61.54,159.11,0.981220,-1,-1,-1
172,-1,192.60,95.14,46.36,149.33,0.980364,-1,-1,-1
172,-1,326.69,114.92,49.01,136.36,0.972373,-1,-1,-1
173,-1,255.01,94.17,49.17,154.31,0.992409,-1,-1,-1
173,-1,191.91,94.41,47.10,151.90,0.977114,-1,-1,-1
173,-1,326.10,116.18,45.75,133.35,0.969775,-1,-1,-1
173,-1,134.05,118.49,61.07,159.28,0.943302,-1,-1,-1
173,-1,416.21,108.76,49.50,161.35,0.573394,-1,-1,-1
174,-1,254.47,94.08,47.71,154.04,0.991726,-1,-1,-1
174,-1,191.94,94.04,48.50,154.63,0.968252,-1,-1,-1
174,-1,324.38,114.84,45.41,134.73,0.967472,-1,-1,-1
174,-1,133.90,118.40,61.23,159.02,0.753686,-1,-1,-1
174,-1,420.29,109.84,48.59,157.31,0.549348,-1,-1,-1
175,-1,254.14,91.84,48.63,156.93,0.992084,-1,-1,-1
175,-1,192.86,94.03,47.72,155.82,0.976359,-1,-1,-1
175,-1,323.36,111.07,46.81,138.92,0.975116,-1,-1,-1
175,-1,423.43,109.48,43.97,156.24,0.696179,-1,-1,-1
175,-1,137.75,100.28,59.35,175.59,0.684821,-1,-1,-1
175,-1,372.04,114.70,40.26,141.83,0.670318,-1,-1,-1
176,-1,252.85,93.11,50.11,155.77,0.991138,-1,-1,-1
176,-1,319.95,108.36,48.83,142.31,0.978428,-1,-1,-1
176,-1,195.54,94.58,43.97,154.01,0.923451,-1,-1,-1
176,-1,144.62,114.89,56.12,162.34,0.769389,-1,-1,-1
176,-1,373.60,116.45,43.35,141.28,0.763909,-1,-1,-1
176,-1,424.92,108.31,44.62,157.33,0.736865,-1,-1,-1
177,-1,251.39,93.50,53.16,155.59,0.992841,-1,-1,-1
177,-1,316.64,106.79,54.71,144.55,0.980703,-1,-1,-1
177,-1,191.53,92.38,42.15,155.81,0.952529,-1,-1,-1
177,-1,412.21,110.43,50.81,151.88,0.819963,-1,-1,-1
177,-1,373.11,112.76,43.33,145.80,0.819287,-1,-1,-1
177,-1,164.09,98.77,49.98,176.68,0.734078,-1,-1,-1
178,-1,251.36,91.54,51.03,157.83,0.989892,-1,-1,-1
178,-1,316.37,110.25,53.44,140.92,0.969080,-1,-1,-1
178,-1,414.32,110.05,52.75,152.98,0.937738,-1,-1,-1
178,-1,184.31,91.19,44.19,172.77,0.814472,-1,-1,-1
178,-1,367.83,117.03,46.81,142.67,0.803290,-1,-1,-1
178,-1,201.55,96.49,41.88,153.18,0.790346,-1,-1,-1
178,-1,151.82,117.26,62.66,156.66,0.524255,-1,-1,-1
179,-1,250.89,94.60,52.34,156.23,0.985327,-1,-1,-1
179,-1,315.14,111.83,53.50,139.32,0.961099,-1,-1,-1
179,-1,412.91,107.91,54.19,155.64,0.953604,-1,-1,-1
179,-1,153.63,109.27,67.89,166.86,0.936224,-1,-1,-1
179,-1,195.76,94.09,42.01,149.66,0.899829,-1,-1,-1
179,-1,366.34,117.65,49.70,143.08,0.865844,-1,-1,-1
