3,1,575.82,83.78,62.65,198.60,1,-1,-1,-1
3,2,355.08,80.22,90.86,248.99,1,-1,-1,-1
3,3,183.61,93.43,79.95,226.73,1,-1,-1,-1
3,4,441.50,90.57,88.91,240.20,1,-1,-1,-1
3,5,84.55,100.55,64.68,219.23,1,-1,-1,-1
3,6,515.69,112.97,44.80,121.56,1,-1,-1,-1
4,1,575.07,85.04,62.48,197.48,1,-1,-1,-1
4,2,359.56,81.99,90.52,247.01,1,-1,-1,-1
4,3,190.98,91.92,80.06,227.77,1,-1,-1,-1
4,4,445.40,89.98,88.44,239.47,1,-1,-1,-1
4,5,76.07,102.47,65.04,217.84,1,-1,-1,-1
4,6,515.75,113.29,44.70,121.46,1,-1,-1,-1
4,8,180.47,95.07,37.72,158.71,1,-1,-1,-1
5,1,574.11,86.20,62.38,196.15,1,-1,-1,-1
5,2,363.28,83.52,90.48,245.65,1,-1,-1,-1
5,3,198.77,91.22,80.25,228.35,1,-1,-1,-1
5,4,449.06,89.63,87.08,236.29,1,-1,-1,-1
5,5,69.78,103.68,66.28,218.40,1,-1,-1,-1
5,6,515.48,113.72,44.17,120.12,1,-1,-1,-1
5,8,180.90,95.17,37.99,159.45,1,-1,-1,-1
6,1,572.28,87.02,62.58,195.26,1,-1,-1,-1
6,2,365.20,84.49,90.14,243.95,1,-1,-1,-1
6,3,204.45,90.76,80.55,229.01,1,-1,-1,-1
6,4,450.56,88.50,86.10,235.04,1,-1,-1,-1
6,5,64.94,104.40,67.55,218.28,1,-1,-1,-1
6,6,514.36,113.74,44.11,120.17,1,-1,-1,-1
6,8,181.21,95.32,38.33,160.38,1,-1,-1,-1
7,1,570.40,87.93,62.69,194.21,1,-1,-1,-1
7,2,367.61,85.35,90.00,242.53,1,-1,-1,-1
7,3,211.08,91.95,80.31,227.73,1,-1,-1,-1
7,4,454.13,86.81,86.24,236.14,1,-1,-1,-1
7,5,60.92,104.01,69.06,219.28,1,-1,-1,-1
7,6,514.19,113.78,43.92,120.17,1,-1,-1,-1
7,8,181.57,95.49,38.42,159.53,1,-1,-1,-1
8,1,567.09,88.86,62.85,193.11,1,-1,-1,-1
8,2,369.21,85.94,89.86,241.43,1,-1,-1,-1
8,3,216.87,93.74,80.08,225.78,1,-1,-1,-1
8,4,457.42,86.24,85.99,236.39,1,-1,-1,-1
8,5,56.51,103.55,70.02,220.03,1,-1,-1,-1
8,6,513.82,113.94,43.79,119.81,1,-1,-1,-1
8,8,181.89,95.39,38.45,158.27,1,-1,-1,-1
9,1,563.63,88.71,62.88,193.16,1,-1,-1,-1
9,2,371.40,85.32,90.09,241.46,1,-1,-1,-1
9,3,223.39,95.73,79.90,223.54,1,-1,-1,-1
9,4,460.24,86.71,85.31,236.10,1,-1,-1,-1
9,5,52.14,102.20,70.56,221.32,1,-1,-1,-1
9,8,181.84,95.32,38.72,158.17,1,-1,-1,-1
10,1,561.43,88.12,62.83,193.63,1,-1,-1,-1
10,2,372.33,84.07,90.89,243.46,1,-1,-1,-1
10,3,227.98,96.91,80.24,222.31,1,-1,-1,-1
10,4,463.58,87.10,84.79,236.18,1,-1,-1,-1
10,5,45.30,100.59,70.53,223.10,1,-1,-1,-1
10,8,181.47,95.66,38.74,157.03,1,-1,-1,-1
11,1,559.39,87.47,62.78,194.22,1,-1,-1,-1
11,2,373.89,82.85,90.92,243.97,1,-1,-1,-1
11,3,230.91,97.71,80.54,221.12,1,-1,-1,-1
11,4,469.56,87.45,84.50,235.72,1,-1,-1,-1
11,5,38.33,100.17,69.75,223.41,1,-1,-1,-1
11,8,180.80,95.87,39.01,156.72,1,-1,-1,-1
12,1,556.94,87.44,62.43,193.87,1,-1,-1,-1
12,2,375.86,81.61,89.80,241.24,1,-1,-1,-1
12,3,234.15,97.93,80.76,219.99,1,-1,-1,-1
12,4,473.25,89.21,84.38,234.07,1,-1,-1,-1
12,5,32.08,99.39,69.28,224.60,1,-1,-1,-1
12,8,180.56,95.93,39.35,156.65,1,-1,-1,-1
13,1,555.22,87.42,62.01,193.65,1,-1,-1,-1
13,2,377.67,80.15,89.82,241.70,1,-1,-1,-1
13,3,237.86,97.23,80.99,219.82,1,-1,-1,-1
13,4,477.90,90.09,84.66,233.79,1,-1,-1,-1
13,5,26.73,98.41,68.81,225.49,1,-1,-1,-1
13,8,180.27,95.65,39.87,157.45,1,-1,-1,-1
14,1,553.54,87.00,61.54,193.06,1,-1,-1,-1
14,2,381.28,79.90,89.55,241.14,1,-1,-1,-1
14,3,242.31,95.07,80.51,218.90,1,-1,-1,-1
14,4,482.01,91.37,84.37,231.73,1,-1,-1,-1
14,5,17.44,98.50,69.15,225.72,1,-1,-1,-1
14,8,179.69,95.74,40.12,157.08,1,-1,-1,-1
14,9,604.53,109.06,33.49,128.40,1,-1,-1,-1
15,1,549.33,87.65,61.49,191.82,1,-1,-1,-1
15,2,383.94,79.62,89.52,241.22,1,-1,-1,-1
15,3,244.92,92.51,80.32,219.44,1,-1,-1,-1
15,4,485.26,92.16,84.58,230.18,1,-1,-1,-1
15,5,8.82,98.16,70.56,226.66,1,-1,-1,-1
15,8,179.43,95.63,40.43,157.13,1,-1,-1,-1
15,9,603.39,109.06,34.04,129.90,1,-1,-1,-1
16,1,546.88,86.97,61.57,192.20,1,-1,-1,-1
16,2,386.91,80.02,89.34,241.06,1,-1,-1,-1
16,3,247.69,91.15,80.02,219.93,1,-1,-1,-1
16,4,486.06,93.05,84.69,229.07,1,-1,-1,-1
16,5,4.94,98.77,72.01,227.68,1,-1,-1,-1
16,8,178.94,95.46,40.78,157.23,1,-1,-1,-1
16,9,601.82,108.49,34.57,130.88,1,-1,-1,-1
17,1,545.17,86.99,61.39,191.24,1,-1,-1,-1
17,2,390.04,80.93,88.87,240.09,1,-1,-1,-1
17,3,249.97,90.69,79.38,219.70,1,-1,-1,-1
17,4,486.23,92.96,84.61,228.36,1,-1,-1,-1
17,5,3.40,100.19,72.81,226.66,1,-1,-1,-1
17,8,178.80,95.20,41.04,157.63,1,-1,-1,-1
17,9,600.60,108.20,35.06,130.95,1,-1,-1,-1
18,1,546.47,87.78,60.68,190.74,1,-1,-1,-1
18,2,393.56,81.78,88.71,239.11,1,-1,-1,-1
18,3,252.25,90.63,78.67,219.77,1,-1,-1,-1
18,4,486.79,92.20,84.69,228.53,1,-1,-1,-1
18,5,2.69,101.62,73.58,225.80,1,-1,-1,-1
18,8,178.52,95.27,41.12,157.41,1,-1,-1,-1
18,9,598.63,108.27,35.75,131.32,1,-1,-1,-1
19,1,546.77,88.38,60.26,192.13,1,-1,-1,-1
19,2,398.20,83.06,88.66,237.57,1,-1,-1,-1
19,3,256.12,91.06,77.96,219.30,1,-1,-1,-1
19,4,489.07,90.54,84.83,229.45,1,-1,-1,-1
19,5,2.13,102.73,74.13,224.80,1,-1,-1,-1
19,8,178.21,95.17,41.27,157.60,1,-1,-1,-1
19,9,596.56,107.42,36.78,132.99,1,-1,-1,-1
20,1,547.43,89.04,59.35,192.20,1,-1,-1,-1
20,2,402.94,84.21,88.61,236.03,1,-1,-1,-1
20,3,261.14,92.58,77.75,217.77,1,-1,-1,-1
20,4,493.25,89.63,84.72,229.45,1,-1,-1,-1
20,5,1.03,103.01,74.61,224.62,1,-1,-1,-1
20,8,177.95,94.81,41.42,157.93,1,-1,-1,-1
20,9,593.66,108.15,37.01,132.53,1,-1,-1,-1
21,1,550.84,101.07,53.93,179.09,1,-1,-1,-1
21,2,406.19,85.35,88.64,234.51,1,-1,-1,-1
21,3,267.05,95.14,77.36,215.45,1,-1,-1,-1
21,4,499.12,88.49,84.09,228.41,1,-1,-1,-1
21,5,-0.77,103.00,74.57,224.41,1,-1,-1,-1
21,8,177.59,94.71,41.54,157.91,1,-1,-1,-1
21,9,594.25,109.16,37.76,131.54,1,-1,-1,-1
22,1,549.92,102.67,53.42,177.42,1,-1,-1,-1
22,2,409.00,86.52,88.42,233.13,1,-1,-1,-1
22,3,270.84,97.03,76.77,213.33,1,-1,-1,-1
22,4,504.15,87.21,83.56,228.59,1,-1,-1,-1
22,5,-4.74,98.55,74.65,227.91,1,-1,-1,-1
22,8,177.86,94.83,41.54,157.63,1,-1,-1,-1
22,9,593.27,109.48,38.54,131.32,1,-1,-1,-1
23,2,409.53,86.42,88.20,233.09,1,-1,-1,-1
23,3,272.64,98.15,76.33,212.00,1,-1,-1,-1
23,4,508.03,86.49,83.74,229.14,1,-1,-1,-1
23,5,-10.23,86.23,75.37,237.46,1,-1,-1,-1
23,8,177.79,94.37,41.76,158.23,1,-1,-1,-1
23,9,591.50,109.73,39.56,131.01,1,-1,-1,-1
23,11,477.18,113.35,39.22,32.74,1,-1,-1,-1
24,2,413.36,86.30,88.90,233.16,1,-1,-1,-1
24,3,274.34,98.19,75.93,211.14,1,-1,-1,-1
24,4,510.01,86.76,83.45,228.49,1,-1,-1,-1
24,5,-15.75,78.89,74.11,244.81,1,-1,-1,-1
24,8,177.80,94.12,41.82,158.38,1,-1,-1,-1
24,9,590.40,109.67,40.44,130.71,1,-1,-1,-1
24,11,478.03,112.33,40.88,34.36,1,-1,-1,-1
25,2,416.54,86.19,89.37,232.64,1,-1,-1,-1
25,3,276.95,98.28,75.56,209.99,1,-1,-1,-1
25,4,508.60,86.40,84.51,228.90,1,-1,-1,-1
25,5,-21.39,76.24,70.46,248.79,1,-1,-1,-1
25,8,177.61,93.92,41.88,158.63,1,-1,-1,-1
25,9,590.66,109.62,41.34,130.56,1,-1,-1,-1
25,11,479.25,112.06,40.88,34.74,1,-1,-1,-1
26,2,420.22,84.96,89.89,232.18,1,-1,-1,-1
26,3,280.24,98.37,74.47,207.55,1,-1,-1,-1
26,4,509.05,87.22,85.67,228.06,1,-1,-1,-1
26,5,-19.57,73.82,67.34,250.29,1,-1,-1,-1
26,8,177.57,93.85,41.90,158.69,1,-1,-1,-1
26,9,589.94,109.48,41.87,130.79,1,-1,-1,-1
26,11,480.59,112.18,39.22,33.95,1,-1,-1,-1
27,1,501.60,95.03,54.49,187.12,1,-1,-1,-1
27,2,424.47,83.28,90.06,231.00,1,-1,-1,-1
27,3,286.10,97.18,73.82,206.67,1,-1,-1,-1
27,4,511.26,88.98,86.22,226.51,1,-1,-1,-1
27,5,-23.80,71.56,67.93,252.49,1,-1,-1,-1
27,8,177.59,93.94,41.98,159.28,1,-1,-1,-1
27,9,589.34,108.77,42.60,131.48,1,-1,-1,-1
27,11,480.08,112.51,37.86,33.43,1,-1,-1,-1
28,1,496.00,93.71,53.79,187.03,1,-1,-1,-1
28,2,428.95,82.04,90.31,230.72,1,-1,-1,-1
28,3,292.92,94.94,73.84,208.14,1,-1,-1,-1
28,4,518.60,90.37,84.87,224.78,1,-1,-1,-1
28,8,177.36,94.19,41.85,158.91,1,-1,-1,-1
28,9,588.21,107.97,43.32,132.71,1,-1,-1,-1
28,11,480.22,112.25,38.16,33.70,1,-1,-1,-1
29,1,495.85,93.89,52.06,186.76,1,-1,-1,-1
29,2,433.00,81.37,90.54,230.88,1,-1,-1,-1
29,3,299.89,94.41,73.52,208.01,1,-1,-1,-1
29,4,523.60,90.60,84.74,224.02,1,-1,-1,-1
29,8,177.28,94.42,41.74,158.36,1,-1,-1,-1
29,9,589.28,107.53,44.55,134.50,1,-1,-1,-1
30,1,496.92,93.34,51.23,187.82,1,-1,-1,-1
30,2,436.00,81.25,90.74,230.73,1,-1,-1,-1
30,3,305.57,93.79,73.60,208.17,1,-1,-1,-1
30,4,527.80,92.33,84.02,222.33,1,-1,-1,-1
30,8,177.13,94.28,41.77,158.40,1,-1,-1,-1
30,9,590.02,107.44,45.02,134.33,1,-1,-1,-1
31,1,501.45,93.52,51.75,187.06,1,-1,-1,-1
31,2,438.24,81.42,90.82,230.54,1,-1,-1,-1
31,3,310.42,93.31,74.04,208.69,1,-1,-1,-1
31,4,531.76,93.36,83.82,221.65,1,-1,-1,-1
31,8,177.13,94.66,41.69,158.18,1,-1,-1,-1
31,9,590.17,107.29,45.61,134.73,1,-1,-1,-1
32,1,503.64,93.43,52.88,187.22,1,-1,-1,-1
32,2,441.16,82.24,90.90,230.13,1,-1,-1,-1
32,3,315.01,93.69,73.96,208.35,1,-1,-1,-1
32,4,534.93,93.32,83.29,221.44,1,-1,-1,-1
32,8,176.82,94.83,41.67,157.90,1,-1,-1,-1
32,9,590.78,106.14,45.95,134.81,1,-1,-1,-1
33,1,502.48,91.93,53.47,186.74,1,-1,-1,-1
33,2,444.09,83.07,90.77,229.34,1,-1,-1,-1
33,3,319.89,95.46,73.53,206.80,1,-1,-1,-1
33,4,537.83,91.89,82.76,221.85,1,-1,-1,-1
33,8,176.73,94.78,41.73,157.95,1,-1,-1,-1
33,9,590.64,105.88,46.08,135.19,1,-1,-1,-1
34,1,499.58,91.51,53.35,186.08,1,-1,-1,-1
34,2,446.45,84.65,90.24,228.07,1,-1,-1,-1
34,3,323.88,97.19,73.29,204.77,1,-1,-1,-1
34,4,541.05,91.72,81.84,221.62,1,-1,-1,-1
34,8,176.73,94.96,41.70,157.67,1,-1,-1,-1
35,1,498.76,97.08,51.40,181.26,1,-1,-1,-1
35,2,449.00,86.46,89.36,225.90,1,-1,-1,-1
35,3,326.54,98.88,73.30,202.67,1,-1,-1,-1
35,4,544.82,90.48,80.94,221.24,1,-1,-1,-1
35,8,176.77,95.17,41.73,157.60,1,-1,-1,-1
36,1,496.70,94.41,51.37,183.48,1,-1,-1,-1
36,2,451.60,88.59,88.51,223.82,1,-1,-1,-1
36,3,328.19,98.78,73.85,202.61,1,-1,-1,-1
36,4,547.84,89.03,79.87,220.77,1,-1,-1,-1
36,5,-10.67,72.98,56.90,224.49,1,-1,-1,-1
36,8,176.46,94.98,41.89,157.72,1,-1,-1,-1
37,1,494.42,94.50,51.28,183.17,1,-1,-1,-1
37,2,454.87,89.91,88.11,222.42,1,-1,-1,-1
37,3,331.19,98.53,74.31,202.40,1,-1,-1,-1
37,4,551.37,88.13,78.98,220.04,1,-1,-1,-1
37,5,-11.51,72.21,56.63,223.41,1,-1,-1,-1
37,8,176.62,95.49,41.77,157.12,1,-1,-1,-1
38,2,457.83,90.61,87.88,221.23,1,-1,-1,-1
38,3,335.51,98.29,74.24,202.12,1,-1,-1,-1
38,4,555.99,87.75,78.90,220.21,1,-1,-1,-1
38,8,176.40,95.39,41.85,157.13,1,-1,-1,-1
39,2,460.28,89.56,88.24,221.96,1,-1,-1,-1
39,3,340.26,97.12,73.55,201.19,1,-1,-1,-1
39,4,558.44,87.78,78.31,220.25,1,-1,-1,-1
39,8,176.23,95.54,42.10,157.89,1,-1,-1,-1
40,2,462.38,88.27,88.31,222.45,1,-1,-1,-1
40,3,344.40,95.27,73.27,201.46,1,-1,-1,-1
40,4,560.55,88.02,77.53,219.84,1,-1,-1,-1
40,8,176.03,95.66,42.08,157.40,1,-1,-1,-1
40,12,445.34,109.52,27.50,112.84,1,-1,-1,-1
41,2,464.96,87.27,87.59,220.82,1,-1,-1,-1
41,3,347.01,94.09,72.95,201.83,1,-1,-1,-1
41,4,563.78,88.87,76.85,219.07,1,-1,-1,-1
41,8,176.03,95.28,42.17,157.54,1,-1,-1,-1
41,12,444.78,109.47,27.87,114.58,1,-1,-1,-1
42,2,467.53,85.84,87.46,220.64,1,-1,-1,-1
42,3,348.14,93.45,72.74,202.41,1,-1,-1,-1
42,4,565.94,89.73,76.17,218.20,1,-1,-1,-1
42,8,175.82,94.64,42.37,158.28,1,-1,-1,-1
42,12,443.13,108.86,30.49,126.17,1,-1,-1,-1
43,2,467.70,84.61,87.71,220.98,1,-1,-1,-1
43,3,350.96,93.12,72.03,202.22,1,-1,-1,-1
43,4,568.48,90.99,75.08,217.01,1,-1,-1,-1
43,8,175.50,94.68,42.43,158.09,1,-1,-1,-1
43,12,442.02,109.27,31.28,130.25,1,-1,-1,-1
44,1,456.21,103.06,46.72,171.85,1,-1,-1,-1
44,2,469.27,84.34,87.82,219.53,1,-1,-1,-1
44,3,355.25,93.51,71.41,201.70,1,-1,-1,-1
44,4,570.94,92.53,73.68,215.49,1,-1,-1,-1
44,8,175.40,94.52,42.52,158.17,1,-1,-1,-1
44,12,440.97,110.72,30.82,128.84,1,-1,-1,-1
45,1,455.58,97.50,47.30,178.79,1,-1,-1,-1
45,2,471.69,84.65,88.64,220.24,1,-1,-1,-1
45,3,361.48,94.80,71.13,200.21,1,-1,-1,-1
45,4,572.78,93.73,72.32,214.24,1,-1,-1,-1
45,8,175.34,94.10,42.64,158.66,1,-1,-1,-1
45,12,439.35,111.23,30.71,128.75,1,-1,-1,-1
46,1,453.92,94.52,47.09,181.51,1,-1,-1,-1
46,2,478.49,85.21,88.23,220.42,1,-1,-1,-1
46,3,366.72,96.37,70.98,198.66,1,-1,-1,-1
46,4,574.18,93.30,71.18,213.96,1,-1,-1,-1
46,8,175.29,94.16,42.63,158.66,1,-1,-1,-1
46,12,437.71,111.80,30.49,128.51,1,-1,-1,-1
47,1,453.21,93.50,46.78,182.32,1,-1,-1,-1
47,2,485.00,85.80,87.86,219.34,1,-1,-1,-1
47,3,370.89,98.55,70.56,196.24,1,-1,-1,-1
47,4,575.35,93.52,70.02,213.52,1,-1,-1,-1
47,8,175.35,94.19,42.62,158.51,1,-1,-1,-1
47,12,435.87,111.67,30.32,128.70,1,-1,-1,-1
48,1,452.79,92.69,46.85,183.30,1,-1,-1,-1
48,2,490.68,86.89,88.30,218.35,1,-1,-1,-1
48,3,372.56,99.94,70.28,194.87,1,-1,-1,-1
48,4,576.81,92.82,69.07,214.26,1,-1,-1,-1
48,8,175.17,94.35,42.74,159.10,1,-1,-1,-1
48,12,434.47,111.49,30.36,129.46,1,-1,-1,-1
49,1,451.75,92.54,47.00,183.14,1,-1,-1,-1
49,2,495.36,87.52,88.65,217.58,1,-1,-1,-1
49,3,374.02,100.10,70.19,194.43,1,-1,-1,-1
49,4,578.81,91.65,67.89,215.02,1,-1,-1,-1
49,8,175.16,94.31,42.83,159.47,1,-1,-1,-1
49,12,432.53,111.68,30.37,129.25,1,-1,-1,-1
50,1,449.87,91.11,47.62,183.94,1,-1,-1,-1
50,2,498.34,88.90,88.68,215.78,1,-1,-1,-1
50,3,375.80,100.11,69.79,193.63,1,-1,-1,-1
50,4,580.83,90.56,66.21,214.27,1,-1,-1,-1
50,8,175.28,93.95,42.75,159.29,1,-1,-1,-1
50,12,431.72,112.06,29.32,126.55,1,-1,-1,-1
51,1,448.05,91.44,48.39,183.53,1,-1,-1,-1
51,2,499.93,89.55,88.82,214.80,1,-1,-1,-1
51,3,378.47,99.35,69.57,193.35,1,-1,-1,-1
51,4,582.96,89.69,64.52,213.94,1,-1,-1,-1
51,8,175.26,93.94,42.62,158.77,1,-1,-1,-1
51,12,430.44,112.28,29.51,127.38,1,-1,-1,-1
52,1,445.68,92.07,48.92,181.68,1,-1,-1,-1
52,2,500.96,89.95,89.06,214.20,1,-1,-1,-1
52,3,383.94,98.13,69.43,193.38,1,-1,-1,-1
52,4,584.56,89.00,63.01,214.14,1,-1,-1,-1
52,8,175.25,93.92,42.56,158.69,1,-1,-1,-1
53,1,445.56,92.42,49.04,180.83,1,-1,-1,-1
53,2,504.92,89.27,90.47,214.48,1,-1,-1,-1
53,3,390.01,96.73,69.12,193.95,1,-1,-1,-1
53,4,585.64,88.61,61.43,213.55,1,-1,-1,-1
53,8,175.22,93.95,42.54,158.62,1,-1,-1,-1
53,9,582.79,110.40,41.00,131.87,1,-1,-1,-1
54,1,418.21,93.97,52.75,190.45,1,-1,-1,-1
54,2,507.45,88.81,91.53,214.91,1,-1,-1,-1
54,3,424.04,94.05,64.88,186.47,1,-1,-1,-1
54,4,586.23,88.26,60.22,213.78,1,-1,-1,-1
54,8,175.20,93.96,42.54,158.73,1,-1,-1,-1
54,9,582.31,110.61,40.96,131.73,1,-1,-1,-1
55,1,410.47,94.06,54.73,193.50,1,-1,-1,-1
55,2,509.11,88.05,91.96,214.82,1,-1,-1,-1
55,3,437.29,93.10,61.86,182.94,1,-1,-1,-1
55,4,587.53,89.23,58.63,212.66,1,-1,-1,-1
55,8,175.20,93.89,42.49,158.58,1,-1,-1,-1
56,1,409.57,94.00,56.06,193.80,1,-1,-1,-1
56,2,512.22,87.67,91.36,213.49,1,-1,-1,-1
56,3,441.29,93.59,59.31,180.07,1,-1,-1,-1
56,4,588.56,90.41,57.10,211.29,1,-1,-1,-1
56,8,175.23,93.63,42.60,159.06,1,-1,-1,-1
57,1,411.88,94.36,57.32,194.46,1,-1,-1,-1
57,2,516.73,87.67,90.68,212.55,1,-1,-1,-1
57,3,441.11,94.48,57.43,178.00,1,-1,-1,-1
57,4,594.66,93.17,54.02,208.21,1,-1,-1,-1
57,8,174.96,93.78,42.57,158.86,1,-1,-1,-1
57,9,584.44,108.61,39.33,134.25,1,-1,-1,-1
58,1,414.91,95.06,58.70,194.62,1,-1,-1,-1
58,2,521.41,86.42,90.39,213.52,1,-1,-1,-1
58,3,444.28,95.45,54.87,177.25,1,-1,-1,-1
58,4,598.49,100.26,50.07,200.06,1,-1,-1,-1
58,8,174.95,93.99,42.49,158.43,1,-1,-1,-1
58,9,584.81,107.21,38.04,134.74,1,-1,-1,-1
59,1,416.89,96.25,59.70,193.04,1,-1,-1,-1
59,2,525.02,85.57,90.12,214.20,1,-1,-1,-1
59,3,449.93,95.40,54.36,175.61,1,-1,-1,-1
59,4,602.12,102.73,47.14,196.50,1,-1,-1,-1
59,8,174.95,93.98,42.53,158.57,1,-1,-1,-1
59,9,585.68,107.18,36.68,133.88,1,-1,-1,-1
60,1,419.81,96.95,60.57,192.37,1,-1,-1,-1
60,2,527.53,85.74,89.15,213.86,1,-1,-1,-1
60,4,604.53,110.95,43.41,187.40,1,-1,-1,-1
60,8,174.91,93.83,42.64,158.73,1,-1,-1,-1
60,9,585.50,106.99,36.70,133.95,1,-1,-1,-1
61,1,422.90,99.32,60.89,189.80,1,-1,-1,-1
61,2,529.26,86.03,88.00,213.63,1,-1,-1,-1
61,3,406.65,98.09,53.71,175.30,1,-1,-1,-1
61,4,607.46,114.83,40.42,181.76,1,-1,-1,-1
61,8,174.90,94.06,42.69,158.40,1,-1,-1,-1
61,12,405.11,174.07,24.70,96.42,1,-1,-1,-1
62,1,427.17,100.23,61.43,187.89,1,-1,-1,-1
62,2,532.34,86.74,86.81,212.92,1,-1,-1,-1
62,3,399.65,97.42,53.25,175.17,1,-1,-1,-1
62,4,612.23,116.72,33.87,157.61,1,-1,-1,-1
62,8,175.04,94.14,42.88,158.43,1,-1,-1,-1
62,12,403.07,178.39,24.22,94.55,1,-1,-1,-1
63,1,431.65,99.69,62.14,187.63,1,-1,-1,-1
63,2,536.58,88.55,85.58,210.68,1,-1,-1,-1
63,3,397.80,96.52,53.33,175.78,1,-1,-1,-1
63,4,614.23,117.77,31.33,151.05,1,-1,-1,-1
63,8,174.98,94.04,43.12,158.69,1,-1,-1,-1
64,1,435.13,98.68,62.92,187.43,1,-1,-1,-1
64,2,540.21,89.24,84.86,209.77,1,-1,-1,-1
64,3,397.77,95.09,53.39,177.10,1,-1,-1,-1
64,4,615.92,116.25,30.22,152.19,1,-1,-1,-1
64,8,175.08,94.15,43.26,158.57,1,-1,-1,-1
65,1,437.99,97.55,63.36,187.26,1,-1,-1,-1
65,2,543.64,89.74,84.08,208.76,1,-1,-1,-1
65,3,400.21,93.68,54.69,178.75,1,-1,-1,-1
65,4,617.36,116.52,28.76,151.30,1,-1,-1,-1
65,8,175.21,94.21,43.52,158.72,1,-1,-1,-1
66,1,440.13,95.90,63.64,186.79,1,-1,-1,-1
66,2,547.57,89.92,83.70,208.29,1,-1,-1,-1
66,3,400.39,93.09,55.32,178.73,1,-1,-1,-1
66,4,617.48,117.69,27.61,150.31,1,-1,-1,-1
66,8,175.40,94.24,43.67,158.50,1,-1,-1,-1
67,1,441.98,94.93,63.96,187.33,1,-1,-1,-1
67,2,550.21,90.48,83.01,207.25,1,-1,-1,-1
67,3,398.55,92.81,56.06,179.37,1,-1,-1,-1
67,4,617.45,111.55,27.76,157.06,1,-1,-1,-1
67,8,175.49,94.77,43.84,158.30,1,-1,-1,-1
68,1,443.79,94.24,64.45,189.33,1,-1,-1,-1
68,2,550.73,90.49,82.32,207.58,1,-1,-1,-1
68,3,394.99,92.55,56.24,179.07,1,-1,-1,-1
68,4,617.62,118.15,26.01,150.53,1,-1,-1,-1
68,8,175.36,94.43,44.21,158.81,1,-1,-1,-1
69,1,445.70,94.36,64.44,188.75,1,-1,-1,-1
69,2,553.29,89.85,81.83,207.66,1,-1,-1,-1
69,3,392.61,92.51,56.41,178.88,1,-1,-1,-1
69,4,617.94,112.18,26.12,156.41,1,-1,-1,-1
69,8,175.59,94.54,44.28,158.37,1,-1,-1,-1
70,1,448.86,93.86,65.09,190.04,1,-1,-1,-1
70,2,555.35,88.17,81.28,207.75,1,-1,-1,-1
70,3,390.45,92.56,56.60,178.57,1,-1,-1,-1
70,4,616.40,110.00,26.13,158.65,1,-1,-1,-1
70,8,176.00,94.36,44.39,158.25,1,-1,-1,-1
71,1,452.29,94.21,65.34,190.09,1,-1,-1,-1
71,2,558.79,87.33,80.90,207.30,1,-1,-1,-1
71,3,387.85,92.61,56.70,178.75,1,-1,-1,-1
71,4,616.35,109.34,25.74,158.87,1,-1,-1,-1
71,8,176.16,93.83,44.78,158.97,1,-1,-1,-1
72,1,455.47,95.11,65.01,188.84,1,-1,-1,-1
72,2,561.34,85.93,80.62,207.88,1,-1,-1,-1
72,3,385.85,93.19,56.71,178.54,1,-1,-1,-1
72,4,617.96,108.85,24.45,154.61,1,-1,-1,-1
72,8,176.36,93.59,45.16,159.55,1,-1,-1,-1
72,9,621.66,108.91,18.03,66.33,1,-1,-1,-1
73,1,457.73,96.63,63.95,186.78,1,-1,-1,-1
73,2,563.40,85.19,80.02,208.14,1,-1,-1,-1
73,3,383.68,93.97,56.62,178.30,1,-1,-1,-1
73,4,618.47,108.68,24.21,153.11,1,-1,-1,-1
73,8,176.39,93.59,45.59,159.62,1,-1,-1,-1
73,9,623.90,108.98,16.87,62.05,1,-1,-1,-1
74,1,460.33,97.38,63.52,185.90,1,-1,-1,-1
74,2,565.68,85.85,78.83,207.41,1,-1,-1,-1
74,3,381.42,95.00,56.15,177.36,1,-1,-1,-1
74,8,176.84,93.96,45.95,159.37,1,-1,-1,-1
75,1,463.57,97.22,63.34,185.67,1,-1,-1,-1
75,2,568.27,88.21,76.93,205.09,1,-1,-1,-1
75,3,379.52,96.36,55.86,175.40,1,-1,-1,-1
75,8,177.43,94.13,46.63,159.14,1,-1,-1,-1
76,1,466.20,97.30,63.29,184.64,1,-1,-1,-1
76,2,567.89,88.92,76.09,204.27,1,-1,-1,-1
76,3,376.69,96.30,56.18,175.19,1,-1,-1,-1
76,4,571.29,110.54,21.35,133.35,1,-1,-1,-1
76,8,177.57,94.01,47.40,159.16,1,-1,-1,-1
77,1,468.78,97.30,63.38,183.37,1,-1,-1,-1
77,2,569.71,88.80,75.00,203.96,1,-1,-1,-1
77,3,372.75,96.62,56.07,174.58,1,-1,-1,-1
77,4,564.53,110.01,21.93,132.56,1,-1,-1,-1
77,8,178.07,94.06,48.07,159.21,1,-1,-1,-1
77,12,407.46,107.25,34.25,131.40,1,-1,-1,-1
78,1,472.33,96.16,63.93,183.07,1,-1,-1,-1
78,2,574.03,89.35,73.19,203.75,1,-1,-1,-1
78,3,369.26,97.39,55.89,173.29,1,-1,-1,-1
78,4,561.53,109.28,24.60,143.40,1,-1,-1,-1
78,8,178.19,94.01,48.67,159.35,1,-1,-1,-1
78,12,407.24,105.83,34.92,132.31,1,-1,-1,-1
79,1,476.86,96.34,64.05,182.04,1,-1,-1,-1
79,2,576.24,90.47,71.20,202.42,1,-1,-1,-1
79,3,367.21,98.84,55.53,171.77,1,-1,-1,-1
79,4,559.47,108.84,27.41,153.58,1,-1,-1,-1
79,8,178.49,94.28,49.25,159.22,1,-1,-1,-1
79,12,406.45,105.94,35.55,132.57,1,-1,-1,-1
80,1,480.44,95.37,64.58,183.51,1,-1,-1,-1
80,2,578.63,91.59,68.98,200.58,1,-1,-1,-1
80,3,365.48,97.21,55.84,173.34,1,-1,-1,-1
80,4,562.36,105.47,29.64,161.26,1,-1,-1,-1
80,8,179.09,94.78,49.64,158.88,1,-1,-1,-1
80,12,406.21,106.19,35.87,132.60,1,-1,-1,-1
81,1,483.67,94.62,65.23,184.70,1,-1,-1,-1
81,2,580.21,91.35,67.52,200.97,1,-1,-1,-1
81,3,363.78,95.95,55.81,174.48,1,-1,-1,-1
81,4,566.73,110.15,30.57,158.11,1,-1,-1,-1
81,8,179.70,94.84,50.10,158.70,1,-1,-1,-1
81,12,405.87,106.72,36.32,132.88,1,-1,-1,-1
82,1,488.27,95.32,65.05,183.43,1,-1,-1,-1
82,2,581.86,89.83,66.38,202.80,1,-1,-1,-1
82,3,362.46,95.51,55.23,173.29,1,-1,-1,-1
82,4,566.55,113.23,32.14,156.34,1,-1,-1,-1
82,8,180.58,95.22,50.57,158.14,1,-1,-1,-1
82,12,404.80,106.92,36.96,133.31,1,-1,-1,-1
82,15,548.80,109.22,39.55,98.49,1,-1,-1,-1
83,1,492.71,96.64,64.73,181.71,1,-1,-1,-1
83,2,583.59,88.35,64.80,203.30,1,-1,-1,-1
83,3,360.39,94.74,55.08,173.00,1,-1,-1,-1
83,4,566.81,113.93,34.34,157.10,1,-1,-1,-1
83,8,180.90,95.45,51.14,157.96,1,-1,-1,-1
83,12,403.73,106.89,37.40,132.56,1,-1,-1,-1
83,15,547.71,109.33,39.58,98.55,1,-1,-1,-1
84,1,496.27,97.74,64.64,180.30,1,-1,-1,-1
84,2,585.73,88.27,62.74,202.43,1,-1,-1,-1
84,3,359.12,94.05,54.83,172.59,1,-1,-1,-1
84,4,565.69,113.76,36.21,157.69,1,-1,-1,-1
84,8,181.19,95.93,51.61,157.67,1,-1,-1,-1
84,12,402.46,106.94,38.17,133.13,1,-1,-1,-1
85,1,498.01,99.14,64.56,178.32,1,-1,-1,-1
85,2,591.68,98.53,56.53,188.03,1,-1,-1,-1
85,3,357.66,93.69,54.59,171.89,1,-1,-1,-1
85,4,564.53,112.93,37.94,158.07,1,-1,-1,-1
85,8,181.69,96.72,51.96,156.99,1,-1,-1,-1
85,12,401.81,106.69,39.00,133.63,1,-1,-1,-1
86,1,499.89,99.99,65.12,177.42,1,-1,-1,-1
86,2,597.08,102.80,52.30,181.06,1,-1,-1,-1
86,3,355.89,93.61,54.71,172.18,1,-1,-1,-1
86,4,563.78,111.98,39.51,159.12,1,-1,-1,-1
86,8,182.27,97.10,52.40,156.72,1,-1,-1,-1
86,12,401.23,106.61,39.71,133.69,1,-1,-1,-1
87,1,501.11,100.99,65.87,176.46,1,-1,-1,-1
87,2,601.28,103.88,49.30,178.85,1,-1,-1,-1
87,3,353.91,93.26,55.10,173.00,1,-1,-1,-1
87,4,561.13,112.14,39.93,158.26,1,-1,-1,-1
87,8,182.65,97.04,53.06,157.09,1,-1,-1,-1
87,12,401.42,106.52,40.31,133.92,1,-1,-1,-1
88,1,502.43,101.66,66.70,175.83,1,-1,-1,-1
88,2,605.21,104.06,46.50,178.06,1,-1,-1,-1
88,3,351.46,92.93,55.70,174.59,1,-1,-1,-1
88,4,559.05,111.48,40.74,158.95,1,-1,-1,-1
88,8,182.99,96.73,53.64,157.34,1,-1,-1,-1
88,12,400.87,106.35,40.84,134.20,1,-1,-1,-1
89,1,505.53,101.07,67.32,176.13,1,-1,-1,-1
89,2,608.72,105.88,42.93,173.78,1,-1,-1,-1
89,3,348.03,92.57,56.38,174.42,1,-1,-1,-1
89,4,557.14,110.95,41.62,159.92,1,-1,-1,-1
89,8,183.12,96.66,54.10,157.02,1,-1,-1,-1
89,12,399.85,106.38,41.35,134.32,1,-1,-1,-1
90,1,509.21,100.31,67.58,177.00,1,-1,-1,-1
90,2,611.05,107.19,42.32,171.29,1,-1,-1,-1
90,3,342.66,93.19,57.35,173.29,1,-1,-1,-1
90,4,555.23,112.12,40.82,158.73,1,-1,-1,-1
90,8,183.31,95.79,54.72,157.14,1,-1,-1,-1
90,12,399.04,106.79,41.77,134.07,1,-1,-1,-1
90,15,610.61,107.95,38.27,100.74,1,-1,-1,-1
91,1,515.44,99.28,67.18,176.66,1,-1,-1,-1
91,3,337.68,93.77,58.65,172.43,1,-1,-1,-1
91,4,555.50,112.44,39.81,158.42,1,-1,-1,-1
91,8,184.49,95.54,55.10,157.66,1,-1,-1,-1
91,12,397.87,106.96,42.14,133.86,1,-1,-1,-1
91,15,616.27,110.05,33.59,93.21,1,-1,-1,-1
92,1,520.80,97.93,67.02,177.09,1,-1,-1,-1
92,3,334.02,94.60,59.98,171.81,1,-1,-1,-1
92,4,554.12,112.54,39.87,158.67,1,-1,-1,-1
92,8,185.12,95.46,55.37,157.86,1,-1,-1,-1
92,12,396.69,106.98,42.58,133.49,1,-1,-1,-1
92,15,619.15,113.59,29.49,85.51,1,-1,-1,-1
93,1,524.57,97.96,67.09,175.29,1,-1,-1,-1
93,3,330.52,95.73,61.19,170.71,1,-1,-1,-1
93,8,185.93,95.37,55.70,158.05,1,-1,-1,-1
93,12,395.08,106.96,43.32,133.49,1,-1,-1,-1
93,15,624.76,114.16,28.95,83.95,1,-1,-1,-1
94,1,526.85,98.29,67.05,176.18,1,-1,-1,-1
94,3,327.44,95.57,62.46,170.58,1,-1,-1,-1
94,8,186.35,94.65,55.92,157.86,1,-1,-1,-1
94,12,393.62,107.02,44.28,133.47,1,-1,-1,-1
95,1,527.41,98.27,67.58,176.42,1,-1,-1,-1
95,3,327.14,97.07,62.75,169.21,1,-1,-1,-1
95,8,186.72,94.65,56.24,158.04,1,-1,-1,-1
95,12,390.78,107.16,45.51,133.47,1,-1,-1,-1
96,1,530.03,98.94,68.09,174.55,1,-1,-1,-1
96,3,326.54,97.46,63.10,168.64,1,-1,-1,-1
96,8,186.85,94.61,56.43,157.88,1,-1,-1,-1
96,12,391.13,107.21,46.31,134.08,1,-1,-1,-1
97,1,538.07,100.36,68.47,173.33,1,-1,-1,-1
97,3,324.96,97.80,63.39,168.00,1,-1,-1,-1
97,4,518.41,110.15,40.54,156.14,1,-1,-1,-1
97,8,186.97,94.53,56.45,157.08,1,-1,-1,-1
97,12,391.63,107.46,46.92,133.92,1,-1,-1,-1
98,1,544.49,100.90,69.35,173.33,1,-1,-1,-1
98,3,323.18,97.09,64.03,168.76,1,-1,-1,-1
98,4,514.07,112.74,40.23,153.20,1,-1,-1,-1
98,8,186.86,94.32,56.65,156.97,1,-1,-1,-1
98,12,390.63,107.66,47.88,134.30,1,-1,-1,-1
99,1,548.75,102.32,69.15,171.05,1,-1,-1,-1
99,3,322.61,96.18,64.21,169.08,1,-1,-1,-1
99,4,511.96,113.62,40.82,152.63,1,-1,-1,-1
99,8,186.84,94.21,56.79,156.71,1,-1,-1,-1
99,12,389.69,107.87,48.69,134.43,1,-1,-1,-1
100,1,549.69,103.41,69.20,170.02,1,-1,-1,-1
100,3,321.21,95.75,64.14,169.11,1,-1,-1,-1
100,4,509.94,113.46,41.72,152.47,1,-1,-1,-1
100,8,186.82,94.44,56.93,156.44,1,-1,-1,-1
100,12,389.05,107.80,49.38,134.40,1,-1,-1,-1
101,1,551.13,103.20,69.44,170.61,1,-1,-1,-1
101,2,538.52,110.82,32.85,139.51,1,-1,-1,-1
101,3,319.82,94.67,64.35,170.22,1,-1,-1,-1
101,4,507.07,112.85,42.60,152.76,1,-1,-1,-1
101,8,186.92,94.91,56.94,155.85,1,-1,-1,-1
101,12,388.42,107.27,50.09,134.77,1,-1,-1,-1
102,1,552.37,101.99,69.36,171.10,1,-1,-1,-1
102,2,514.59,111.58,36.88,149.41,1,-1,-1,-1
102,3,317.83,94.08,64.01,170.12,1,-1,-1,-1
102,4,524.70,111.00,38.72,141.60,1,-1,-1,-1
102,8,186.83,95.22,57.11,155.83,1,-1,-1,-1
102,12,387.90,107.04,50.72,134.87,1,-1,-1,-1
103,1,554.87,101.47,68.29,169.90,1,-1,-1,-1
103,2,504.95,111.76,39.03,152.43,1,-1,-1,-1
103,3,315.44,93.82,63.54,169.52,1,-1,-1,-1
103,4,532.08,110.39,37.84,139.23,1,-1,-1,-1
103,8,186.58,95.11,57.37,156.02,1,-1,-1,-1
103,12,387.87,106.69,51.29,135.29,1,-1,-1,-1
104,1,559.48,100.12,67.26,169.78,1,-1,-1,-1
104,2,498.30,111.66,40.55,153.82,1,-1,-1,-1
104,3,313.07,94.15,63.06,169.04,1,-1,-1,-1
104,4,534.31,110.26,37.44,136.25,1,-1,-1,-1
104,8,186.12,95.14,57.59,156.27,1,-1,-1,-1
104,12,385.89,106.31,52.18,135.82,1,-1,-1,-1
105,1,564.50,100.01,66.49,169.87,1,-1,-1,-1
105,2,491.79,111.12,42.62,154.89,1,-1,-1,-1
105,3,311.30,93.80,62.49,168.51,1,-1,-1,-1
105,4,534.81,109.68,38.34,136.80,1,-1,-1,-1
105,8,185.80,95.16,57.68,155.98,1,-1,-1,-1
105,12,385.13,105.95,52.80,136.02,1,-1,-1,-1
106,1,570.71,99.42,65.65,170.32,1,-1,-1,-1
106,2,484.73,111.74,44.95,154.27,1,-1,-1,-1
106,3,310.00,93.94,61.79,167.83,1,-1,-1,-1
106,4,533.79,108.99,39.04,136.38,1,-1,-1,-1
106,8,185.34,95.37,57.95,156.27,1,-1,-1,-1
106,12,384.92,105.69,53.09,136.25,1,-1,-1,-1
107,1,575.20,98.28,65.58,171.32,1,-1,-1,-1
107,2,478.12,112.98,47.58,152.90,1,-1,-1,-1
107,3,309.03,93.97,61.27,167.56,1,-1,-1,-1
107,4,531.47,108.18,40.16,137.82,1,-1,-1,-1
107,8,185.09,95.32,58.21,156.57,1,-1,-1,-1
107,12,385.24,105.66,53.20,136.50,1,-1,-1,-1
108,1,578.73,98.44,64.65,170.60,1,-1,-1,-1
108,2,472.60,113.83,50.56,152.11,1,-1,-1,-1
108,3,308.09,93.99,60.83,167.43,1,-1,-1,-1
108,4,528.83,107.10,41.53,139.85,1,-1,-1,-1
108,8,184.81,95.35,58.51,157.11,1,-1,-1,-1
108,12,385.22,105.74,53.36,137.14,1,-1,-1,-1
109,1,581.05,99.05,63.47,169.53,1,-1,-1,-1
109,2,468.17,112.29,54.12,153.75,1,-1,-1,-1
109,3,307.62,94.71,60.18,166.74,1,-1,-1,-1
109,4,526.93,106.41,42.60,141.19,1,-1,-1,-1
109,8,184.68,95.25,58.58,157.12,1,-1,-1,-1
109,12,385.14,105.54,53.48,137.70,1,-1,-1,-1
110,1,582.56,98.99,62.50,169.35,1,-1,-1,-1
110,2,465.69,114.24,56.41,151.98,1,-1,-1,-1
110,3,306.49,94.03,60.20,167.66,1,-1,-1,-1
110,4,524.73,106.32,43.59,141.67,1,-1,-1,-1
110,8,184.46,95.02,58.64,157.14,1,-1,-1,-1
110,12,385.41,105.87,53.38,137.81,1,-1,-1,-1
111,1,584.48,99.32,61.09,168.39,1,-1,-1,-1
111,2,463.96,115.49,58.70,150.94,1,-1,-1,-1
111,3,305.43,94.27,59.93,167.78,1,-1,-1,-1
111,4,522.86,106.21,44.45,141.94,1,-1,-1,-1
111,8,184.66,94.87,58.88,157.61,1,-1,-1,-1
111,12,385.47,106.29,53.14,137.15,1,-1,-1,-1
112,1,586.62,99.58,59.86,168.45,1,-1,-1,-1
112,2,462.38,116.25,60.75,150.07,1,-1,-1,-1
112,3,304.66,94.97,59.46,167.18,1,-1,-1,-1
112,4,520.50,106.77,45.08,141.21,1,-1,-1,-1
112,8,184.50,94.89,58.86,157.56,1,-1,-1,-1
112,12,385.54,106.91,53.25,137.15,1,-1,-1,-1
113,1,588.79,99.68,58.50,168.66,1,-1,-1,-1
113,2,461.09,115.59,62.78,150.36,1,-1,-1,-1
113,3,304.12,96.34,58.85,165.86,1,-1,-1,-1
113,4,517.95,108.20,45.21,139.06,1,-1,-1,-1
113,8,184.44,94.68,58.93,157.91,1,-1,-1,-1
113,12,386.19,107.24,53.35,136.83,1,-1,-1,-1
114,1,590.64,99.35,57.17,169.30,1,-1,-1,-1
114,2,459.58,115.16,64.76,151.18,1,-1,-1,-1
114,3,303.50,97.13,58.31,164.92,1,-1,-1,-1
114,4,515.00,109.22,46.28,139.08,1,-1,-1,-1
114,8,185.01,94.64,58.83,157.83,1,-1,-1,-1
114,12,387.11,108.00,53.30,136.28,1,-1,-1,-1
115,1,592.63,99.00,55.41,168.79,1,-1,-1,-1
115,2,456.47,114.56,65.59,151.35,1,-1,-1,-1
115,3,302.63,97.72,57.84,164.32,1,-1,-1,-1
115,4,512.55,110.24,47.49,139.05,1,-1,-1,-1
115,8,185.57,94.66,58.78,157.61,1,-1,-1,-1
115,12,388.20,108.47,53.45,136.52,1,-1,-1,-1
116,1,594.73,98.62,53.21,166.79,1,-1,-1,-1
116,2,453.36,114.25,65.81,150.58,1,-1,-1,-1
116,3,301.82,97.84,57.33,163.67,1,-1,-1,-1
116,4,510.59,111.04,48.50,138.47,1,-1,-1,-1
116,8,186.04,94.55,58.82,157.61,1,-1,-1,-1
116,12,388.58,108.58,54.12,137.08,1,-1,-1,-1
117,1,596.66,97.89,51.62,167.09,1,-1,-1,-1
117,2,449.06,113.77,66.10,150.90,1,-1,-1,-1
117,3,301.29,97.51,56.96,163.68,1,-1,-1,-1
117,4,509.14,111.32,49.30,138.62,1,-1,-1,-1
117,8,186.52,93.95,58.90,157.66,1,-1,-1,-1
117,12,388.65,108.63,54.36,137.18,1,-1,-1,-1
118,1,599.00,96.87,49.83,167.35,1,-1,-1,-1
118,2,443.22,113.06,65.77,151.55,1,-1,-1,-1
118,3,301.09,96.81,56.28,162.76,1,-1,-1,-1
118,4,507.38,111.06,49.82,139.48,1,-1,-1,-1
118,8,187.05,93.60,59.05,157.83,1,-1,-1,-1
118,12,390.00,108.53,54.87,137.56,1,-1,-1,-1
119,1,600.80,95.63,48.28,168.53,1,-1,-1,-1
119,2,438.47,112.67,64.51,151.51,1,-1,-1,-1
119,3,300.48,96.29,56.26,163.97,1,-1,-1,-1
119,4,506.01,110.74,50.06,139.90,1,-1,-1,-1
119,8,188.02,93.09,59.25,158.19,1,-1,-1,-1
119,12,391.63,108.43,55.16,137.84,1,-1,-1,-1
120,1,602.54,95.91,46.43,168.51,1,-1,-1,-1
120,2,433.77,112.61,62.67,151.30,1,-1,-1,-1
120,3,300.76,95.36,55.21,161.69,1,-1,-1,-1
120,4,504.48,109.80,50.30,140.72,1,-1,-1,-1
120,8,188.55,92.83,59.25,158.37,1,-1,-1,-1
120,12,392.24,108.49,54.81,137.80,1,-1,-1,-1
121,1,604.31,96.87,44.41,167.57,1,-1,-1,-1
121,2,431.45,112.46,61.19,151.47,1,-1,-1,-1
121,3,300.79,94.48,54.43,160.20,1,-1,-1,-1
121,4,503.17,109.15,50.42,141.12,1,-1,-1,-1
121,8,189.39,92.83,59.18,158.28,1,-1,-1,-1
121,12,391.96,108.48,54.32,138.08,1,-1,-1,-1
122,1,606.61,98.74,42.07,165.53,1,-1,-1,-1
122,2,429.36,113.01,59.70,151.29,1,-1,-1,-1
122,3,300.79,93.42,53.92,159.31,1,-1,-1,-1
122,4,501.44,108.58,50.95,142.36,1,-1,-1,-1
122,8,190.09,92.79,59.16,158.17,1,-1,-1,-1
122,12,392.28,108.42,53.60,138.10,1,-1,-1,-1
123,1,608.62,101.18,39.75,163.15,1,-1,-1,-1
123,2,426.34,113.47,58.34,150.85,1,-1,-1,-1
123,3,299.70,92.91,54.59,162.22,1,-1,-1,-1
123,4,499.84,107.64,51.51,143.23,1,-1,-1,-1
123,8,191.12,92.98,59.11,158.05,1,-1,-1,-1
123,12,392.65,108.53,52.75,138.35,1,-1,-1,-1
124,1,612.31,112.29,35.32,151.41,1,-1,-1,-1
124,2,421.89,114.49,57.67,149.75,1,-1,-1,-1
124,3,298.75,92.51,54.66,163.27,1,-1,-1,-1
124,4,498.71,107.24,51.92,143.51,1,-1,-1,-1
124,8,191.62,93.16,58.97,157.80,1,-1,-1,-1
124,12,393.11,108.71,52.29,139.66,1,-1,-1,-1
125,1,615.64,122.37,31.35,140.60,1,-1,-1,-1
125,2,418.36,114.83,57.69,149.44,1,-1,-1,-1
125,3,297.40,92.02,54.63,164.05,1,-1,-1,-1
125,4,497.66,107.76,51.89,142.62,1,-1,-1,-1
125,8,192.09,93.23,58.82,157.54,1,-1,-1,-1
125,12,394.19,109.48,50.59,138.47,1,-1,-1,-1
126,1,618.26,127.17,28.77,135.81,1,-1,-1,-1
126,2,416.15,115.86,57.60,148.10,1,-1,-1,-1
126,3,296.10,91.89,54.57,164.85,1,-1,-1,-1
126,4,495.16,108.08,52.33,143.10,1,-1,-1,-1
126,8,192.54,93.07,58.71,157.34,1,-1,-1,-1
126,12,394.49,109.64,49.45,137.96,1,-1,-1,-1
127,1,620.49,129.02,26.59,132.57,1,-1,-1,-1
127,2,414.58,116.55,57.77,146.96,1,-1,-1,-1
127,3,295.23,92.23,54.54,165.22,1,-1,-1,-1
127,4,491.41,108.53,53.13,143.82,1,-1,-1,-1
127,8,192.95,92.89,58.67,157.25,1,-1,-1,-1
127,12,394.50,109.78,48.05,136.48,1,-1,-1,-1
128,1,622.51,131.59,24.49,129.40,1,-1,-1,-1
128,2,412.49,116.73,58.59,146.76,1,-1,-1,-1
128,3,293.17,92.59,54.68,164.78,1,-1,-1,-1
128,4,488.34,109.05,53.66,143.55,1,-1,-1,-1
128,8,192.95,92.93,58.53,156.98,1,-1,-1,-1
128,12,395.37,110.66,45.28,130.52,1,-1,-1,-1
129,1,624.18,134.32,23.88,126.19,1,-1,-1,-1
129,2,408.75,115.87,60.06,147.60,1,-1,-1,-1
129,3,289.56,92.58,55.48,164.37,1,-1,-1,-1
129,4,486.50,109.99,53.87,142.52,1,-1,-1,-1
129,8,193.01,92.93,58.37,156.61,1,-1,-1,-1
129,12,397.67,110.10,40.52,116.51,1,-1,-1,-1
130,2,407.73,116.59,60.33,146.65,1,-1,-1,-1
130,3,286.29,92.50,56.70,164.34,1,-1,-1,-1
130,4,484.25,110.60,54.51,142.26,1,-1,-1,-1
130,8,193.20,92.98,58.11,155.99,1,-1,-1,-1
130,12,399.58,110.18,36.42,103.50,1,-1,-1,-1
131,2,404.72,116.43,60.44,146.47,1,-1,-1,-1
131,3,282.47,92.66,58.19,164.04,1,-1,-1,-1
131,4,481.41,111.14,55.18,142.38,1,-1,-1,-1
131,8,193.14,93.12,57.90,155.54,1,-1,-1,-1
131,12,400.26,110.31,35.11,99.78,1,-1,-1,-1
132,2,402.25,115.41,59.90,146.54,1,-1,-1,-1
132,3,278.89,92.86,59.65,163.67,1,-1,-1,-1
132,4,478.94,111.58,55.56,142.27,1,-1,-1,-1
132,8,193.15,93.15,57.64,155.00,1,-1,-1,-1
133,2,398.10,113.13,59.59,147.88,1,-1,-1,-1
133,3,277.35,93.44,60.73,162.88,1,-1,-1,-1
133,4,477.07,112.14,55.59,141.50,1,-1,-1,-1
133,8,192.89,92.68,57.54,155.11,1,-1,-1,-1
133,18,2.14,74.55,38.10,228.50,1,-1,-1,-1
134,2,395.40,111.53,59.22,149.30,1,-1,-1,-1
134,3,275.61,93.75,61.62,162.62,1,-1,-1,-1
134,4,474.57,111.26,56.45,142.97,1,-1,-1,-1
134,8,192.62,92.72,57.54,155.47,1,-1,-1,-1
134,18,4.04,74.80,38.21,227.12,1,-1,-1,-1
134,19,5.02,75.19,36.42,133.29,1,-1,-1,-1
135,2,394.20,109.97,58.89,150.82,1,-1,-1,-1
135,3,274.20,94.54,62.19,161.96,1,-1,-1,-1
135,4,471.96,110.80,56.84,143.54,1,-1,-1,-1
135,8,192.26,92.49,57.35,155.62,1,-1,-1,-1
135,18,5.22,74.98,38.32,227.82,1,-1,-1,-1
135,19,6.41,75.82,36.07,131.99,1,-1,-1,-1
136,2,394.57,108.85,58.84,151.67,1,-1,-1,-1
136,3,272.54,94.97,62.64,161.39,1,-1,-1,-1
136,4,469.43,110.88,57.16,143.24,1,-1,-1,-1
136,8,191.94,92.49,57.06,155.41,1,-1,-1,-1
136,18,11.14,112.53,31.14,176.80,1,-1,-1,-1
137,2,393.71,108.19,58.91,152.00,1,-1,-1,-1
137,3,271.08,94.34,63.07,161.82,1,-1,-1,-1
137,4,467.26,110.84,57.55,143.22,1,-1,-1,-1
137,8,191.32,92.68,56.82,155.22,1,-1,-1,-1
137,18,11.71,117.21,31.51,171.32,1,-1,-1,-1
138,2,392.94,107.88,59.30,152.15,1,-1,-1,-1
138,3,270.05,94.61,63.09,161.36,1,-1,-1,-1
138,4,465.04,110.68,58.01,143.41,1,-1,-1,-1
138,8,190.66,92.80,56.53,155.02,1,-1,-1,-1
138,18,11.51,117.24,32.53,169.36,1,-1,-1,-1
139,2,389.79,108.20,59.98,151.16,1,-1,-1,-1
139,3,269.71,95.69,62.77,160.26,1,-1,-1,-1
139,4,462.03,110.86,57.45,143.24,1,-1,-1,-1
139,8,190.21,92.85,56.36,155.00,1,-1,-1,-1
139,18,10.77,117.04,34.07,170.80,1,-1,-1,-1
140,2,382.13,111.26,59.71,148.70,1,-1,-1,-1
140,3,270.00,96.03,62.54,159.86,1,-1,-1,-1
140,4,459.02,111.09,57.06,144.48,1,-1,-1,-1
140,8,189.84,92.77,56.20,155.07,1,-1,-1,-1
140,12,416.75,110.82,46.57,141.08,1,-1,-1,-1
140,18,11.40,114.06,35.45,173.84,1,-1,-1,-1
141,2,376.14,112.66,60.29,147.73,1,-1,-1,-1
141,3,271.34,101.24,60.46,154.51,1,-1,-1,-1
141,4,457.48,111.60,56.03,144.75,1,-1,-1,-1
141,8,189.16,92.43,56.12,155.29,1,-1,-1,-1
141,12,415.94,109.52,46.38,144.81,1,-1,-1,-1
141,18,11.78,110.75,36.61,177.15,1,-1,-1,-1
142,2,370.08,113.91,60.36,146.31,1,-1,-1,-1
142,3,270.61,98.57,61.14,156.91,1,-1,-1,-1
142,4,456.99,112.29,54.68,143.87,1,-1,-1,-1
142,8,188.44,91.96,56.07,155.78,1,-1,-1,-1
142,12,415.45,109.35,45.49,146.18,1,-1,-1,-1
142,18,15.18,110.61,36.99,177.14,1,-1,-1,-1
143,2,366.81,115.03,60.55,145.25,1,-1,-1,-1
143,3,268.40,96.03,61.91,159.19,1,-1,-1,-1
143,4,457.15,112.91,53.59,143.21,1,-1,-1,-1
143,8,187.54,91.54,55.97,156.16,1,-1,-1,-1
143,12,415.11,109.77,44.49,145.31,1,-1,-1,-1
143,18,19.26,112.19,36.85,172.51,1,-1,-1,-1
144,2,365.85,116.07,60.68,144.29,1,-1,-1,-1
144,3,265.96,94.98,62.08,160.13,1,-1,-1,-1
144,4,458.89,113.15,53.36,142.74,1,-1,-1,-1
144,8,186.97,91.93,55.61,155.73,1,-1,-1,-1
144,12,414.61,110.31,43.93,144.88,1,-1,-1,-1
144,18,23.10,113.54,37.25,170.54,1,-1,-1,-1
145,2,365.19,116.67,60.82,143.63,1,-1,-1,-1
145,3,265.04,95.59,61.46,159.03,1,-1,-1,-1
145,4,459.58,113.43,53.34,142.74,1,-1,-1,-1
145,8,186.46,92.30,55.30,155.21,1,-1,-1,-1
145,12,413.66,110.88,43.79,144.69,1,-1,-1,-1
145,18,31.05,113.89,40.11,171.88,1,-1,-1,-1
146,2,364.44,115.73,61.45,144.46,1,-1,-1,-1
146,3,263.81,93.86,61.67,160.37,1,-1,-1,-1
146,4,459.93,113.60,53.61,142.96,1,-1,-1,-1
146,8,185.98,92.33,55.20,155.22,1,-1,-1,-1
146,12,413.10,110.90,44.19,145.48,1,-1,-1,-1
146,18,37.21,115.01,43.01,172.09,1,-1,-1,-1
147,2,363.59,114.80,61.95,145.37,1,-1,-1,-1
147,3,261.87,92.86,61.35,161.02,1,-1,-1,-1
147,4,459.63,113.55,53.73,142.84,1,-1,-1,-1
147,8,185.49,92.23,55.07,155.25,1,-1,-1,-1
147,12,412.72,111.18,44.83,145.75,1,-1,-1,-1
147,18,37.84,114.74,46.91,173.15,1,-1,-1,-1
147,19,-11.24,72.00,53.38,208.86,1,-1,-1,-1
148,2,362.58,114.62,61.78,145.20,1,-1,-1,-1
148,3,260.39,92.51,60.86,161.44,1,-1,-1,-1
148,4,458.58,113.46,53.79,143.42,1,-1,-1,-1
148,8,185.15,91.78,55.08,155.54,1,-1,-1,-1
148,12,412.15,111.62,45.24,145.67,1,-1,-1,-1
148,18,38.64,115.49,50.60,172.66,1,-1,-1,-1
148,19,-10.48,74.37,50.43,209.55,1,-1,-1,-1
149,2,361.76,114.36,61.63,145.19,1,-1,-1,-1
149,3,259.54,92.48,60.17,161.50,1,-1,-1,-1
149,4,457.31,113.22,54.16,144.23,1,-1,-1,-1
149,8,184.96,91.13,55.18,156.24,1,-1,-1,-1
149,12,411.22,112.16,45.59,145.20,1,-1,-1,-1
149,18,37.85,115.89,54.24,173.05,1,-1,-1,-1
149,19,-11.58,74.33,51.65,214.63,1,-1,-1,-1
150,2,360.24,114.00,60.45,143.33,1,-1,-1,-1
150,3,258.92,91.73,59.68,162.03,1,-1,-1,-1
150,4,456.30,112.52,54.39,144.52,1,-1,-1,-1
150,8,184.45,89.02,55.68,158.18,1,-1,-1,-1
150,12,410.77,112.35,45.77,144.53,1,-1,-1,-1
150,18,39.47,115.26,57.36,174.33,1,-1,-1,-1
151,2,357.63,113.39,59.36,142.54,1,-1,-1,-1
151,3,258.49,91.56,58.88,161.66,1,-1,-1,-1
151,4,455.35,111.90,54.58,144.79,1,-1,-1,-1
151,8,184.70,90.16,55.12,156.83,1,-1,-1,-1
151,12,410.15,112.52,46.03,143.89,1,-1,-1,-1
151,18,41.42,115.06,59.17,173.14,1,-1,-1,-1
152,2,354.07,112.47,58.58,143.07,1,-1,-1,-1
152,3,257.85,91.63,58.33,161.78,1,-1,-1,-1
152,4,452.18,110.88,54.24,146.23,1,-1,-1,-1
152,8,184.35,89.39,55.33,157.80,1,-1,-1,-1
152,12,409.97,112.54,46.34,143.94,1,-1,-1,-1
152,18,41.08,114.40,61.44,174.28,1,-1,-1,-1
153,2,351.66,112.23,57.49,143.03,1,-1,-1,-1
153,3,257.24,91.38,57.87,161.88,1,-1,-1,-1
153,4,452.28,110.35,54.42,146.90,1,-1,-1,-1
153,8,184.23,89.11,55.30,158.11,1,-1,-1,-1
153,12,409.86,112.47,46.59,144.20,1,-1,-1,-1
153,18,44.12,113.71,61.88,172.84,1,-1,-1,-1
154,2,349.24,112.12,56.33,142.77,1,-1,-1,-1
154,3,256.74,91.43,57.41,162.08,1,-1,-1,-1
154,4,451.95,110.02,54.29,146.76,1,-1,-1,-1
154,8,184.32,89.67,54.94,157.37,1,-1,-1,-1
154,12,409.47,112.31,46.46,144.40,1,-1,-1,-1
154,18,48.63,112.72,61.75,171.93,1,-1,-1,-1
154,19,-7.44,71.26,47.94,210.13,1,-1,-1,-1
155,2,347.31,112.05,55.39,143.08,1,-1,-1,-1
155,3,256.59,91.60,56.98,162.37,1,-1,-1,-1
155,4,448.31,109.80,53.36,147.22,1,-1,-1,-1
155,8,184.51,90.72,54.51,156.17,1,-1,-1,-1
155,12,409.37,112.09,46.01,143.97,1,-1,-1,-1
155,18,55.21,111.60,61.17,171.96,1,-1,-1,-1
155,19,-8.01,71.03,48.67,213.35,1,-1,-1,-1
156,2,345.63,112.00,54.49,143.19,1,-1,-1,-1
156,3,256.72,91.68,56.42,162.36,1,-1,-1,-1
156,4,445.84,109.71,52.66,148.06,1,-1,-1,-1
156,8,184.56,89.50,54.80,157.32,1,-1,-1,-1
156,12,409.32,112.19,45.50,143.70,1,-1,-1,-1
156,18,63.41,111.29,60.43,172.33,1,-1,-1,-1
156,19,-5.38,74.07,45.30,206.66,1,-1,-1,-1
157,2,344.29,112.07,53.62,143.18,1,-1,-1,-1
157,3,256.61,91.96,55.87,162.22,1,-1,-1,-1
157,4,446.20,110.09,52.05,147.70,1,-1,-1,-1
157,8,184.68,89.38,54.78,157.45,1,-1,-1,-1
157,12,408.60,112.17,45.45,144.43,1,-1,-1,-1
157,18,70.36,110.97,59.54,172.43,1,-1,-1,-1
157,19,-5.74,74.14,45.81,209.01,1,-1,-1,-1
158,2,343.52,112.47,52.71,143.17,1,-1,-1,-1
158,3,256.47,91.94,55.42,162.40,1,-1,-1,-1
158,4,446.95,110.77,51.81,147.91,1,-1,-1,-1
158,8,184.86,89.15,54.78,157.66,1,-1,-1,-1
158,12,407.29,112.41,45.40,144.10,1,-1,-1,-1
158,18,75.65,110.98,58.78,172.81,1,-1,-1,-1
159,2,342.13,113.00,51.83,142.49,1,-1,-1,-1
159,3,256.65,92.76,54.63,161.47,1,-1,-1,-1
159,4,447.98,110.84,52.21,148.74,1,-1,-1,-1
159,8,185.19,89.74,54.57,157.13,1,-1,-1,-1
159,12,405.78,112.85,45.53,144.05,1,-1,-1,-1
159,18,81.32,111.11,58.39,172.63,1,-1,-1,-1
160,2,340.95,113.66,50.97,141.70,1,-1,-1,-1
160,3,256.88,92.84,54.09,161.38,1,-1,-1,-1
160,4,447.53,111.63,52.23,148.57,1,-1,-1,-1
160,8,185.41,89.86,54.50,157.08,1,-1,-1,-1
160,12,404.31,113.31,45.76,144.27,1,-1,-1,-1
160,18,88.86,112.09,58.78,171.63,1,-1,-1,-1
161,2,339.73,114.54,50.15,140.80,1,-1,-1,-1
161,3,257.29,92.74,53.52,161.39,1,-1,-1,-1
161,4,447.58,111.32,52.73,148.38,1,-1,-1,-1
161,8,185.50,90.02,54.45,157.12,1,-1,-1,-1
161,12,402.71,114.04,46.04,144.24,1,-1,-1,-1
161,18,95.04,112.92,60.18,170.94,1,-1,-1,-1
162,2,338.61,115.12,49.43,139.88,1,-1,-1,-1
162,3,257.64,92.35,52.92,161.35,1,-1,-1,-1
162,4,444.30,110.92,52.83,148.65,1,-1,-1,-1
162,8,185.60,90.03,54.32,156.99,1,-1,-1,-1
162,12,401.67,114.43,46.37,144.08,1,-1,-1,-1
162,18,98.74,113.58,62.04,170.16,1,-1,-1,-1
163,2,337.11,115.30,49.08,139.61,1,-1,-1,-1
163,3,258.20,92.04,52.38,161.39,1,-1,-1,-1
163,4,440.82,110.80,53.04,149.54,1,-1,-1,-1
163,8,185.67,90.14,54.23,156.86,1,-1,-1,-1
163,12,400.89,114.65,46.93,144.28,1,-1,-1,-1
163,18,101.20,115.13,64.13,168.45,1,-1,-1,-1
164,2,335.97,115.01,49.11,140.17,1,-1,-1,-1
164,3,258.49,91.18,52.05,161.95,1,-1,-1,-1
164,4,438.23,110.29,53.47,150.27,1,-1,-1,-1
164,8,185.91,91.05,53.89,155.89,1,-1,-1,-1
164,12,399.70,114.18,47.46,145.22,1,-1,-1,-1
164,18,101.62,115.77,66.26,167.62,1,-1,-1,-1
165,2,334.74,114.38,49.21,140.89,1,-1,-1,-1
165,3,258.89,90.39,51.63,162.09,1,-1,-1,-1
165,4,436.62,109.73,53.99,150.92,1,-1,-1,-1
165,8,186.00,91.17,53.83,155.95,1,-1,-1,-1
165,12,398.57,113.46,48.20,146.39,1,-1,-1,-1
165,18,101.32,115.36,68.62,168.05,1,-1,-1,-1
166,2,333.37,113.95,49.14,141.42,1,-1,-1,-1
166,3,259.11,89.44,51.24,162.06,1,-1,-1,-1
166,4,435.49,108.81,54.83,152.08,1,-1,-1,-1
166,8,186.13,91.79,53.59,155.13,1,-1,-1,-1
166,12,396.80,112.99,48.62,146.79,1,-1,-1,-1
166,18,100.59,115.12,70.63,168.00,1,-1,-1,-1
167,2,332.34,113.22,49.02,141.99,1,-1,-1,-1
167,3,259.43,89.06,50.59,160.97,1,-1,-1,-1
167,4,433.95,107.99,55.43,152.91,1,-1,-1,-1
167,8,185.87,89.64,54.20,157.29,1,-1,-1,-1
167,12,394.95,112.59,48.83,146.67,1,-1,-1,-1
167,18,101.62,114.03,72.28,168.86,1,-1,-1,-1
168,2,331.40,111.99,48.53,141.09,1,-1,-1,-1
168,3,259.36,87.95,50.43,161.51,1,-1,-1,-1
168,4,433.24,107.81,55.96,153.25,1,-1,-1,-1
168,8,185.82,89.12,54.36,157.95,1,-1,-1,-1
168,12,392.34,111.43,49.11,147.53,1,-1,-1,-1
168,18,103.92,112.54,73.43,169.97,1,-1,-1,-1
169,2,330.65,111.49,47.89,139.43,1,-1,-1,-1
169,3,259.15,87.42,50.03,161.18,1,-1,-1,-1
169,4,432.24,107.88,56.65,153.81,1,-1,-1,-1
169,8,185.93,88.43,54.48,158.70,1,-1,-1,-1
169,12,389.44,110.46,49.35,148.72,1,-1,-1,-1
169,18,107.67,111.68,73.23,168.80,1,-1,-1,-1
170,2,329.64,110.95,47.71,138.98,1,-1,-1,-1
170,3,258.94,87.24,49.80,161.20,1,-1,-1,-1
170,4,431.12,108.13,56.69,153.52,1,-1,-1,-1
170,8,186.01,89.98,53.91,157.07,1,-1,-1,-1
170,12,386.47,109.94,49.40,149.83,1,-1,-1,-1
170,18,112.31,110.24,72.57,168.34,1,-1,-1,-1
171,2,328.02,110.45,47.99,139.35,1,-1,-1,-1
171,3,258.55,87.19,49.73,161.49,1,-1,-1,-1
171,4,428.74,109.10,56.65,153.76,1,-1,-1,-1
171,8,186.07,89.75,53.91,157.12,1,-1,-1,-1
171,12,384.24,109.83,49.21,150.44,1,-1,-1,-1
171,18,117.48,109.06,71.69,168.57,1,-1,-1,-1
172,2,327.10,110.33,47.99,139.21,1,-1,-1,-1
172,3,258.05,87.19,49.57,161.30,1,-1,-1,-1
172,4,426.74,109.25,56.82,153.57,1,-1,-1,-1
172,8,186.20,89.34,53.96,157.53,1,-1,-1,-1
172,12,383.05,110.00,48.87,150.43,1,-1,-1,-1
172,18,123.58,108.11,70.01,168.99,1,-1,-1,-1
173,2,325.90,109.95,48.22,139.57,1,-1,-1,-1
173,3,257.10,87.20,49.60,161.57,1,-1,-1,-1
173,4,424.62,109.84,56.75,152.76,1,-1,-1,-1
173,8,186.42,89.55,53.81,157.30,1,-1,-1,-1
173,12,382.25,110.81,48.12,148.92,1,-1,-1,-1
173,18,129.61,106.46,68.59,170.68,1,-1,-1,-1
174,2,325.37,109.69,48.30,139.74,1,-1,-1,-1
174,3,256.17,87.06,49.57,161.74,1,-1,-1,-1
174,4,424.74,110.13,57.17,153.68,1,-1,-1,-1
174,8,186.54,90.58,53.46,156.21,1,-1,-1,-1
174,12,381.70,111.50,47.65,148.39,1,-1,-1,-1
174,18,135.19,106.11,66.72,170.91,1,-1,-1,-1
175,2,324.40,109.08,48.48,140.26,1,-1,-1,-1
175,3,255.48,86.80,49.53,161.85,1,-1,-1,-1
175,4,424.54,110.54,57.23,153.33,1,-1,-1,-1
175,8,187.20,90.79,53.28,156.19,1,-1,-1,-1
175,12,381.01,111.98,47.61,148.89,1,-1,-1,-1
175,18,140.16,106.99,64.64,169.75,1,-1,-1,-1
176,2,322.53,108.36,48.89,140.94,1,-1,-1,-1
176,3,255.03,86.96,49.43,161.86,1,-1,-1,-1
176,4,422.88,110.38,57.48,154.07,1,-1,-1,-1
176,8,187.20,89.86,53.44,157.20,1,-1,-1,-1
176,12,379.65,112.67,47.47,148.49,1,-1,-1,-1
176,18,143.72,107.84,63.05,169.10,1,-1,-1,-1
177,2,320.39,108.47,49.20,140.74,1,-1,-1,-1
177,3,254.70,87.02,49.18,161.73,1,-1,-1,-1
177,4,422.26,109.75,57.83,155.16,1,-1,-1,-1
177,8,189.10,90.74,52.49,155.89,1,-1,-1,-1
177,12,377.85,113.13,47.69,148.93,1,-1,-1,-1
177,18,147.69,108.89,62.32,168.40,1,-1,-1,-1
178,2,319.11,109.49,49.14,139.39,1,-1,-1,-1
178,3,254.46,86.96,48.97,161.65,1,-1,-1,-1
178,4,420.97,109.09,57.90,156.02,1,-1,-1,-1
178,8,191.01,89.82,52.09,157.28,1,-1,-1,-1
178,12,375.85,113.25,48.07,149.41,1,-1,-1,-1
178,18,150.68,109.98,62.44,167.11,1,-1,-1,-1
179,2,317.71,109.74,49.15,138.70,1,-1,-1,-1
179,3,254.59,87.65,48.61,160.91,1,-1,-1,-1
179,4,419.26,108.35,57.94,156.71,1,-1,-1,-1
179,8,193.14,89.25,51.24,158.08,1,-1,-1,-1
179,12,373.22,113.40,48.32,149.36,1,-1,-1,-1
179,18,152.73,112.69,62.30,163.61,1,-1,-1,-1
