1,-1,382.84,152.85,126.18,207.91,0.998032,-1,-1,-1
1,-1,486.25,145.90,54.67,182.54,0.841456,-1,-1,-1
1,-1,546.52,139.21,15.95,31.19,0.545973,-1,-1,-1
1,-1,263.08,158.79,24.38,43.04,0.508805,-1,-1,-1
2,-1,394.40,153.47,110.86,202.10,0.997311,-1,-1,-1
2,-1,497.45,143.37,52.44,190.03,0.920500,-1,-1,-1
2,-1,264.50,160.31,24.97,42.25,0.576970,-1,-1,-1
3,-1,505.08,144.05,63.09,184.83,0.943777,-1,-1,-1
3,-1,429.43,154.51,75.59,197.00,0.939567,-1,-1,-1
3,-1,261.67,155.45,25.07,44.89,0.544245,-1,-1,-1
4,-1,444.58,153.31,70.24,202.58,0.965913,-1,-1,-1
4,-1,529.59,139.49,48.49,194.53,0.930493,-1,-1,-1
4,-1,265.78,154.81,22.92,46.24,0.523551,-1,-1,-1
5,-1,449.13,149.60,96.60,210.25,0.960259,-1,-1,-1
5,-1,515.21,146.55,83.29,202.86,0.947796,-1,-1,-1
6,-1,451.68,144.61,100.08,213.22,0.991612,-1,-1,-1
6,-1,544.20,143.00,65.49,200.92,0.974916,-1,-1,-1
7,-1,461.75,147.43,101.97,210.71,0.998061,-1,-1,-1
7,-1,551.47,145.45,58.85,201.96,0.978129,-1,-1,-1
7,-1,347.98,162.46,31.62,40.74,0.516446,-1,-1,-1
8,-1,551.68,144.15,67.48,206.35,0.969580,-1,-1,-1
8,-1,487.04,151.10,87.96,212.21,0.913160,-1,-1,-1
8,-1,347.73,161.27,33.81,42.71,0.620258,-1,-1,-1
9,-1,571.82,143.80,65.89,201.00,0.971936,-1,-1,-1
9,-1,510.06,153.53,73.43,205.22,0.966568,-1,-1,-1
10,-1,572.91,145.73,76.94,210.53,0.967148,-1,-1,-1
10,-1,525.37,148.17,66.55,210.65,0.939384,-1,-1,-1
11,-1,529.09,151.34,88.34,210.51,0.948478,-1,-1,-1
11,-1,552.98,147.05,105.60,218.36,0.940749,-1,-1,-1
11,-1,600.35,148.41,69.91,211.75,0.848190,-1,-1,-1
12,-1,533.83,147.84,122.15,217.28,0.983231,-1,-1,-1
12,-1,598.10,149.54,72.21,215.85,0.868172,-1,-1,-1
13,-1,539.07,152.33,119.09,216.55,0.920707,-1,-1,-1
13,-1,618.61,151.29,63.60,212.53,0.855773,-1,-1,-1
13,-1,243.91,142.07,72.00,162.89,0.643349,-1,-1,-1
14,-1,574.38,156.62,83.49,210.87,0.963957,-1,-1,-1
14,-1,632.84,150.38,63.16,214.21,0.917022,-1,-1,-1
14,-1,262.37,149.43,79.90,161.28,0.856655,-1,-1,-1
14,-1,254.94,150.48,30.76,62.99,0.524334,-1,-1,-1
15,-1,638.54,141.97,72.21,224.61,0.977109,-1,-1,-1
15,-1,597.02,147.74,68.77,215.97,0.867137,-1,-1,-1
15,-1,265.87,154.68,85.16,157.09,0.781144,-1,-1,-1
16,-1,662.05,143.48,75.32,222.47,0.961359,-1,-1,-1
16,-1,591.09,152.21,92.29,212.77,0.870201,-1,-1,-1
16,-1,271.84,153.12,79.51,166.28,0.861150,-1,-1,-1
16,-1,257.94,148.33,29.10,63.33,0.849227,-1,-1,-1
17,-1,585.09,150.07,126.72,219.93,0.990664,-1,-1,-1
17,-1,673.04,144.29,78.33,214.92,0.952493,-1,-1,-1
17,-1,255.87,159.44,55.61,164.63,0.739037,-1,-1,-1
17,-1,307.69,151.66,73.43,160.59,0.637034,-1,-1,-1
18,-1,610.55,154.34,123.48,215.66,0.971039,-1,-1,-1
18,-1,318.05,143.13,74.43,174.70,0.922217,-1,-1,-1
18,-1,256.06,143.11,65.90,175.46,0.804720,-1,-1,-1
18,-1,679.33,144.38,86.71,213.39,0.642852,-1,-1,-1
18,-1,705.03,147.30,57.69,130.10,0.501120,-1,-1,-1
19,-1,1133.73,151.15,88.53,218.85,0.977832,-1,-1,-1
19,-1,317.02,134.85,105.10,191.91,0.974394,-1,-1,-1
19,-1,629.91,151.30,91.94,218.70,0.955877,-1,-1,-1
19,-1,699.85,146.66,68.63,223.34,0.880025,-1,-1,-1
19,-1,258.45,142.33,71.40,182.92,0.806905,-1,-1,-1
20,-1,1114.93,150.39,74.89,219.61,0.956724,-1,-1,-1
20,-1,262.01,143.09,82.00,193.73,0.900699,-1,-1,-1
20,-1,325.51,141.51,92.88,183.46,0.871359,-1,-1,-1
20,-1,666.09,145.95,67.07,215.27,0.603018,-1,-1,-1
20,-1,251.40,144.70,30.81,65.51,0.531949,-1,-1,-1
20,-1,527.31,142.03,29.34,66.41,0.523208,-1,-1,-1
21,-1,1077.34,149.39,81.79,220.61,0.991230,-1,-1,-1
21,-1,680.68,147.62,70.66,222.38,0.960002,-1,-1,-1
21,-1,271.77,165.06,76.17,166.24,0.893128,-1,-1,-1
21,-1,728.42,145.49,64.59,224.51,0.871158,-1,-1,-1
21,-1,341.31,147.74,83.23,168.48,0.739612,-1,-1,-1
21,-1,254.56,148.86,27.94,60.44,0.569692,-1,-1,-1
22,-1,1017.35,144.74,125.69,225.26,0.999394,-1,-1,-1
22,-1,733.89,144.72,78.74,225.28,0.939349,-1,-1,-1
22,-1,689.61,148.04,97.12,221.96,0.933942,-1,-1,-1
22,-1,293.23,158.74,65.48,175.27,0.905408,-1,-1,-1
22,-1,258.97,152.74,26.07,53.86,0.791366,-1,-1,-1
23,-1,974.06,152.22,144.62,217.78,0.999215,-1,-1,-1
23,-1,697.13,149.96,110.98,220.04,0.968610,-1,-1,-1
23,-1,303.68,144.94,77.89,183.67,0.943723,-1,-1,-1
23,-1,390.39,149.21,72.72,160.48,0.742018,-1,-1,-1
23,-1,260.58,150.16,26.66,57.35,0.738524,-1,-1,-1
23,-1,251.70,148.88,27.05,57.65,0.693176,-1,-1,-1
24,-1,971.82,155.26,91.24,214.74,0.992093,-1,-1,-1
24,-1,391.92,144.34,82.47,173.14,0.944605,-1,-1,-1
24,-1,736.13,148.39,92.12,221.61,0.921292,-1,-1,-1
24,-1,317.34,139.87,69.24,189.91,0.894872,-1,-1,-1
24,-1,262.75,150.65,26.39,57.96,0.754596,-1,-1,-1
24,-1,796.36,143.09,56.28,220.89,0.718094,-1,-1,-1
24,-1,253.09,149.97,26.42,56.89,0.596915,-1,-1,-1
25,-1,947.66,153.29,87.68,216.71,0.995512,-1,-1,-1
25,-1,396.73,153.20,85.34,170.42,0.956529,-1,-1,-1
25,-1,327.77,146.03,69.63,187.73,0.954131,-1,-1,-1
25,-1,791.63,145.52,65.57,224.48,0.932248,-1,-1,-1
25,-1,743.17,148.85,68.37,221.15,0.911553,-1,-1,-1
26,-1,924.45,149.42,86.38,214.87,0.994265,-1,-1,-1
26,-1,751.76,144.33,80.22,222.44,0.955580,-1,-1,-1
26,-1,341.20,148.27,67.25,188.13,0.955102,-1,-1,-1
26,-1,820.81,134.43,65.46,207.64,0.770889,-1,-1,-1
26,-1,403.84,151.83,73.32,174.08,0.592568,-1,-1,-1
26,-1,263.78,150.15,26.36,59.58,0.569219,-1,-1,-1
26,-1,289.57,155.56,32.29,55.81,0.538541,-1,-1,-1
26,-1,254.96,148.69,25.32,59.79,0.520350,-1,-1,-1
27,-1,870.53,155.09,131.15,210.77,0.991160,-1,-1,-1
27,-1,751.46,144.10,114.31,223.52,0.980218,-1,-1,-1
27,-1,352.69,144.95,71.05,195.75,0.964224,-1,-1,-1
27,-1,430.69,147.83,66.23,184.02,0.898157,-1,-1,-1
27,-1,806.06,142.90,89.24,226.79,0.813637,-1,-1,-1
27,-1,267.07,150.92,23.13,54.60,0.680746,-1,-1,-1
27,-1,258.42,148.13,23.26,55.72,0.677254,-1,-1,-1
28,-1,748.86,147.32,129.13,216.53,0.987962,-1,-1,-1
28,-1,369.69,140.43,72.20,199.02,0.963285,-1,-1,-1
28,-1,850.91,150.88,117.81,219.12,0.919818,-1,-1,-1
28,-1,266.42,151.89,24.74,55.58,0.909090,-1,-1,-1
28,-1,446.19,154.70,68.41,175.28,0.888433,-1,-1,-1
28,-1,257.49,149.54,25.38,56.81,0.825200,-1,-1,-1
29,-1,769.09,153.35,158.43,216.65,0.989974,-1,-1,-1
29,-1,446.28,148.24,98.48,184.17,0.982806,-1,-1,-1
29,-1,857.81,146.68,99.21,194.31,0.956654,-1,-1,-1
29,-1,376.01,139.62,64.13,200.09,0.906149,-1,-1,-1
29,-1,266.34,152.43,22.14,51.29,0.719815,-1,-1,-1
29,-1,564.39,136.49,25.06,72.36,0.659507,-1,-1,-1
29,-1,574.81,140.29,23.31,69.45,0.531655,-1,-1,-1
30,-1,806.06,151.96,126.46,218.04,0.983479,-1,-1,-1
30,-1,456.92,153.20,102.15,192.63,0.943675,-1,-1,-1
30,-1,383.32,137.54,69.17,220.48,0.930290,-1,-1,-1
30,-1,884.62,147.33,88.93,221.09,0.911197,-1,-1,-1
30,-1,267.71,153.30,20.97,50.62,0.776232,-1,-1,-1
31,-1,789.15,162.42,111.74,207.54,0.990815,-1,-1,-1
31,-1,388.00,140.19,82.38,218.36,0.982460,-1,-1,-1
31,-1,912.51,142.79,74.43,176.56,0.957910,-1,-1,-1
31,-1,265.28,156.71,22.61,48.35,0.766698,-1,-1,-1
31,-1,886.78,154.06,89.47,211.96,0.645725,-1,-1,-1
31,-1,484.51,163.09,76.57,178.96,0.583667,-1,-1,-1
32,-1,756.09,163.81,108.09,197.31,0.995925,-1,-1,-1
32,-1,400.46,143.28,80.07,212.69,0.970700,-1,-1,-1
32,-1,855.86,153.01,103.21,216.99,0.949641,-1,-1,-1
32,-1,504.75,160.64,65.54,183.61,0.844405,-1,-1,-1
32,-1,926.19,151.33,62.53,191.68,0.744167,-1,-1,-1
32,-1,263.29,155.86,25.23,48.65,0.704339,-1,-1,-1
33,-1,751.60,164.78,77.01,190.91,0.996191,-1,-1,-1
33,-1,424.11,145.28,66.88,208.05,0.983840,-1,-1,-1
33,-1,521.82,149.14,63.70,197.93,0.962683,-1,-1,-1
33,-1,873.61,154.37,91.74,215.63,0.933467,-1,-1,-1
33,-1,945.91,212.58,76.91,156.22,0.826849,-1,-1,-1
33,-1,914.01,153.07,95.28,212.68,0.515062,-1,-1,-1
34,-1,743.00,158.62,58.30,195.49,0.991866,-1,-1,-1
34,-1,523.89,148.24,84.74,204.56,0.989448,-1,-1,-1
34,-1,439.10,143.36,67.36,203.01,0.987104,-1,-1,-1
34,-1,889.39,153.65,144.71,216.35,0.974135,-1,-1,-1
34,-1,976.51,147.48,70.01,210.43,0.681117,-1,-1,-1
35,-1,713.81,163.67,77.03,186.23,0.998502,-1,-1,-1
35,-1,542.16,146.01,94.91,212.74,0.991235,-1,-1,-1
35,-1,939.23,144.65,137.32,223.45,0.976558,-1,-1,-1
35,-1,451.57,140.47,68.76,207.53,0.964587,-1,-1,-1
36,-1,456.42,137.79,81.96,223.45,0.989580,-1,-1,-1
36,-1,683.61,166.37,112.04,189.76,0.986273,-1,-1,-1
36,-1,555.43,144.72,86.91,214.02,0.986178,-1,-1,-1
36,-1,969.32,139.60,120.98,230.28,0.945855,-1,-1,-1
37,-1,570.14,148.24,85.60,213.06,0.984557,-1,-1,-1
37,-1,470.18,139.74,78.36,219.91,0.978801,-1,-1,-1
37,-1,672.94,164.91,80.77,178.96,0.974434,-1,-1,-1
37,-1,970.76,138.90,139.87,229.50,0.936387,-1,-1,-1
38,-1,993.79,140.01,139.06,229.21,0.982533,-1,-1,-1
38,-1,582.22,147.97,68.82,209.09,0.973058,-1,-1,-1
38,-1,479.83,144.82,84.00,223.89,0.969886,-1,-1,-1
38,-1,648.65,157.47,66.81,191.93,0.962137,-1,-1,-1
38,-1,1055.66,137.65,88.04,223.30,0.599985,-1,-1,-1
39,-1,611.09,152.27,88.60,213.19,0.987597,-1,-1,-1
39,-1,1019.52,135.53,159.16,231.98,0.976385,-1,-1,-1
39,-1,509.75,143.66,77.02,221.66,0.962499,-1,-1,-1
39,-1,1113.81,138.40,67.70,186.43,0.733108,-1,-1,-1
40,-1,600.57,145.89,98.04,217.75,0.989709,-1,-1,-1
40,-1,1044.67,141.49,156.50,228.51,0.989516,-1,-1,-1
40,-1,529.30,131.07,70.89,230.59,0.984057,-1,-1,-1
40,-1,1122.68,141.07,90.53,213.15,0.526723,-1,-1,-1
41,-1,1078.30,144.58,138.78,225.42,0.997144,-1,-1,-1
41,-1,541.04,135.37,82.21,230.83,0.951746,-1,-1,-1
41,-1,623.77,146.47,76.73,211.21,0.950477,-1,-1,-1
42,-1,1105.88,141.72,116.41,228.28,0.994954,-1,-1,-1
42,-1,637.23,145.36,80.46,219.34,0.977435,-1,-1,-1
42,-1,547.06,144.04,82.49,220.78,0.958998,-1,-1,-1
42,-1,529.43,149.62,25.27,64.09,0.733062,-1,-1,-1
43,-1,1133.21,144.64,90.79,225.36,0.988373,-1,-1,-1
43,-1,657.13,142.34,80.48,225.14,0.986880,-1,-1,-1
43,-1,536.13,142.41,104.70,223.98,0.983307,-1,-1,-1
44,-1,673.36,138.30,87.40,230.61,0.980047,-1,-1,-1
44,-1,1148.04,196.32,64.27,173.68,0.858215,-1,-1,-1
44,-1,534.23,144.56,65.05,193.42,0.773855,-1,-1,-1
44,-1,583.19,141.18,68.97,219.13,0.727821,-1,-1,-1
45,-1,675.84,140.89,123.47,225.43,0.995581,-1,-1,-1
45,-1,603.72,126.27,74.09,236.78,0.956792,-1,-1,-1
45,-1,1175.55,265.27,41.30,89.25,0.753037,-1,-1,-1
45,-1,514.55,144.20,85.72,193.83,0.680982,-1,-1,-1
46,-1,692.61,142.74,116.00,225.68,0.993468,-1,-1,-1
46,-1,618.73,120.55,81.37,243.24,0.979368,-1,-1,-1
46,-1,569.94,153.99,24.57,64.97,0.750756,-1,-1,-1
46,-1,503.17,168.21,60.25,169.91,0.731232,-1,-1,-1
46,-1,591.13,160.63,20.65,58.87,0.548545,-1,-1,-1
46,-1,349.52,164.37,31.88,44.79,0.510673,-1,-1,-1
47,-1,633.68,125.08,84.27,244.66,0.974890,-1,-1,-1
47,-1,727.51,141.45,95.52,222.07,0.969927,-1,-1,-1
47,-1,565.04,145.14,27.55,79.71,0.693898,-1,-1,-1
47,-1,339.99,160.15,32.33,43.20,0.625614,-1,-1,-1
47,-1,546.71,143.61,30.87,76.41,0.538903,-1,-1,-1
48,-1,448.41,159.61,75.60,174.24,0.990645,-1,-1,-1
48,-1,642.28,131.46,96.08,238.54,0.987040,-1,-1,-1
48,-1,740.52,137.01,80.96,222.52,0.961471,-1,-1,-1
48,-1,577.32,150.27,28.89,72.60,0.654330,-1,-1,-1
48,-1,347.75,161.23,33.60,44.62,0.561195,-1,-1,-1
48,-1,550.63,146.60,27.56,71.10,0.501746,-1,-1,-1
49,-1,428.82,155.33,91.04,180.42,0.995855,-1,-1,-1
49,-1,752.88,137.72,85.65,229.45,0.989812,-1,-1,-1
49,-1,679.41,127.11,79.14,240.61,0.967337,-1,-1,-1
49,-1,586.63,147.57,27.85,78.69,0.664125,-1,-1,-1
49,-1,577.75,146.39,26.04,77.62,0.518876,-1,-1,-1
50,-1,764.01,141.55,106.09,221.98,0.984603,-1,-1,-1
50,-1,688.65,128.89,89.87,238.89,0.973943,-1,-1,-1
50,-1,422.33,163.79,70.20,170.92,0.973543,-1,-1,-1
50,-1,593.18,145.89,29.38,82.99,0.730443,-1,-1,-1
50,-1,582.82,146.44,29.17,80.05,0.660914,-1,-1,-1
50,-1,547.80,142.51,28.05,77.69,0.514412,-1,-1,-1
51,-1,709.40,114.27,87.48,255.73,0.992410,-1,-1,-1
51,-1,788.69,134.51,91.22,234.74,0.982768,-1,-1,-1
51,-1,407.81,169.59,66.99,156.11,0.904904,-1,-1,-1
51,-1,594.91,144.34,29.02,81.68,0.685987,-1,-1,-1
51,-1,552.34,140.36,31.40,76.85,0.630190,-1,-1,-1
51,-1,581.20,145.39,30.32,78.86,0.619312,-1,-1,-1
52,-1,810.87,141.80,88.53,228.20,0.988538,-1,-1,-1
52,-1,719.63,132.87,87.88,237.13,0.985163,-1,-1,-1
52,-1,596.43,146.38,30.90,80.40,0.742602,-1,-1,-1
52,-1,585.60,144.22,30.33,83.17,0.652265,-1,-1,-1
53,-1,729.64,136.25,97.14,233.75,0.975790,-1,-1,-1
53,-1,844.99,137.88,77.22,230.14,0.974501,-1,-1,-1
53,-1,595.96,146.68,30.50,80.86,0.736183,-1,-1,-1
53,-1,550.42,140.45,32.01,74.82,0.655376,-1,-1,-1
53,-1,541.15,143.33,27.35,69.28,0.509926,-1,-1,-1
54,-1,736.71,128.21,117.38,241.79,0.987265,-1,-1,-1
54,-1,865.55,142.66,81.94,225.89,0.980345,-1,-1,-1
54,-1,331.64,148.29,96.42,176.99,0.840082,-1,-1,-1
54,-1,595.96,143.69,29.76,88.55,0.780358,-1,-1,-1
54,-1,550.66,141.24,33.83,80.71,0.680891,-1,-1,-1
54,-1,540.15,143.73,29.49,75.13,0.596447,-1,-1,-1
55,-1,879.48,137.32,117.55,229.49,0.994929,-1,-1,-1
55,-1,765.77,125.09,107.57,244.91,0.965746,-1,-1,-1
55,-1,321.43,137.92,75.38,186.20,0.914597,-1,-1,-1
55,-1,550.43,140.14,30.89,78.17,0.722214,-1,-1,-1
55,-1,596.88,146.04,30.81,86.25,0.716659,-1,-1,-1
55,-1,541.44,143.91,27.01,74.53,0.631730,-1,-1,-1
56,-1,889.41,141.64,147.60,228.36,0.995289,-1,-1,-1
56,-1,794.00,114.06,102.79,255.94,0.986138,-1,-1,-1
56,-1,319.89,144.73,67.41,177.52,0.963122,-1,-1,-1
56,-1,544.73,139.01,31.50,78.02,0.711113,-1,-1,-1
56,-1,599.12,145.29,29.27,84.92,0.686438,-1,-1,-1
57,-1,821.34,106.57,107.43,263.43,0.996247,-1,-1,-1
57,-1,941.44,140.73,125.75,229.27,0.985675,-1,-1,-1
57,-1,286.22,148.71,83.62,177.86,0.941226,-1,-1,-1
57,-1,597.17,146.23,32.91,85.85,0.752743,-1,-1,-1
57,-1,264.40,156.30,23.51,48.76,0.733139,-1,-1,-1
57,-1,545.92,141.11,29.45,76.99,0.720547,-1,-1,-1
57,-1,255.74,153.14,23.90,51.19,0.615167,-1,-1,-1
58,-1,841.22,117.29,106.69,252.71,0.989051,-1,-1,-1
58,-1,270.94,145.77,90.15,182.34,0.987182,-1,-1,-1
58,-1,974.11,135.65,104.14,226.19,0.987083,-1,-1,-1
58,-1,545.15,138.51,28.90,80.31,0.791085,-1,-1,-1
58,-1,598.57,146.20,31.09,86.88,0.682278,-1,-1,-1
58,-1,622.87,147.96,22.39,72.32,0.551265,-1,-1,-1
59,-1,852.30,125.75,129.65,244.25,0.993886,-1,-1,-1
59,-1,996.87,133.74,94.82,236.26,0.988335,-1,-1,-1
59,-1,261.10,151.69,68.53,160.72,0.947801,-1,-1,-1
59,-1,545.27,137.32,31.25,77.83,0.773440,-1,-1,-1
59,-1,603.86,144.03,32.91,88.34,0.732056,-1,-1,-1
59,-1,623.28,146.41,23.42,72.59,0.678826,-1,-1,-1
60,-1,1022.17,126.65,108.02,243.35,0.995767,-1,-1,-1
60,-1,902.32,123.78,113.01,243.73,0.992576,-1,-1,-1
60,-1,252.20,156.37,67.10,156.31,0.921294,-1,-1,-1
60,-1,545.76,136.85,30.97,84.31,0.799250,-1,-1,-1
60,-1,621.72,144.72,25.70,76.81,0.674195,-1,-1,-1
60,-1,598.35,144.24,32.65,89.13,0.661473,-1,-1,-1
61,-1,933.14,107.00,118.23,262.59,0.991536,-1,-1,-1
61,-1,1046.42,134.25,105.00,235.75,0.983414,-1,-1,-1
61,-1,550.13,133.36,28.85,84.82,0.812439,-1,-1,-1
61,-1,249.33,156.47,47.14,166.36,0.779469,-1,-1,-1
61,-1,624.84,145.60,27.69,77.29,0.774430,-1,-1,-1
61,-1,607.33,145.29,31.43,85.46,0.651681,-1,-1,-1
62,-1,957.57,103.38,112.78,266.14,0.995702,-1,-1,-1
62,-1,1087.98,124.93,103.64,245.07,0.931517,-1,-1,-1
62,-1,615.42,144.20,42.71,92.14,0.838011,-1,-1,-1
62,-1,548.94,135.50,28.10,80.77,0.768504,-1,-1,-1
63,-1,966.59,107.19,138.45,262.81,0.994939,-1,-1,-1
63,-1,1130.38,125.62,87.85,242.74,0.961273,-1,-1,-1
63,-1,617.12,143.28,38.84,97.87,0.900735,-1,-1,-1
63,-1,552.51,138.58,25.41,76.25,0.740473,-1,-1,-1
63,-1,545.16,139.60,24.13,72.19,0.590458,-1,-1,-1
64,-1,977.42,114.94,158.45,255.06,0.990105,-1,-1,-1
64,-1,1168.85,126.08,55.15,243.92,0.953178,-1,-1,-1
64,-1,618.79,144.41,37.52,99.20,0.923333,-1,-1,-1
64,-1,549.95,138.91,28.29,78.35,0.723303,-1,-1,-1
65,-1,1025.46,116.98,161.83,253.02,0.994920,-1,-1,-1
65,-1,622.15,142.41,37.49,101.48,0.934966,-1,-1,-1
65,-1,557.73,133.25,27.04,87.57,0.828311,-1,-1,-1
65,-1,544.00,137.42,27.71,79.34,0.722760,-1,-1,-1
66,-1,1082.67,106.43,132.49,263.57,0.997404,-1,-1,-1
66,-1,624.45,145.17,38.16,102.71,0.955974,-1,-1,-1
66,-1,556.49,136.45,27.99,83.91,0.802855,-1,-1,-1
66,-1,543.94,140.41,27.37,80.67,0.741706,-1,-1,-1
67,-1,1141.03,110.17,79.24,259.83,0.990185,-1,-1,-1
67,-1,626.21,147.95,37.73,100.63,0.960139,-1,-1,-1
67,-1,547.35,142.98,28.31,79.17,0.801496,-1,-1,-1
67,-1,557.35,140.62,26.09,83.39,0.764574,-1,-1,-1
68,-1,633.82,147.76,45.34,104.33,0.968359,-1,-1,-1
68,-1,1173.82,164.17,49.15,205.83,0.885288,-1,-1,-1
68,-1,545.79,145.80,28.36,77.56,0.723039,-1,-1,-1
68,-1,559.78,140.73,28.90,82.09,0.636215,-1,-1,-1
69,-1,641.58,147.13,41.99,105.34,0.964034,-1,-1,-1
69,-1,546.27,146.82,24.17,73.22,0.581622,-1,-1,-1
69,-1,555.40,144.40,24.23,76.59,0.579516,-1,-1,-1
70,-1,645.97,141.26,45.55,111.51,0.953763,-1,-1,-1
70,-1,555.67,143.63,25.13,81.75,0.689747,-1,-1,-1
70,-1,547.00,146.34,24.98,78.99,0.632271,-1,-1,-1
70,-1,592.42,159.97,41.55,45.30,0.549488,-1,-1,-1
70,-1,560.65,142.59,35.17,83.26,0.516112,-1,-1,-1
71,-1,651.75,143.96,42.73,109.96,0.967444,-1,-1,-1
71,-1,561.93,137.43,26.24,87.25,0.721685,-1,-1,-1
71,-1,265.45,158.30,24.54,46.03,0.616143,-1,-1,-1
71,-1,546.64,142.29,25.11,83.97,0.595325,-1,-1,-1
71,-1,594.66,162.96,39.67,42.25,0.592931,-1,-1,-1
71,-1,566.38,140.97,41.85,86.86,0.533148,-1,-1,-1
72,-1,659.54,144.42,37.82,108.50,0.963880,-1,-1,-1
72,-1,264.84,154.88,25.73,54.24,0.611443,-1,-1,-1
72,-1,553.93,138.91,27.85,87.65,0.608386,-1,-1,-1
72,-1,594.04,160.35,40.92,49.07,0.583533,-1,-1,-1
72,-1,579.71,142.65,32.67,85.09,0.554661,-1,-1,-1
72,-1,349.40,161.78,32.99,49.59,0.539630,-1,-1,-1
73,-1,665.19,146.92,39.66,108.14,0.955332,-1,-1,-1
73,-1,582.10,144.96,33.72,83.86,0.672827,-1,-1,-1
73,-1,259.88,150.42,27.91,58.73,0.669800,-1,-1,-1
73,-1,553.75,142.67,27.42,82.04,0.506970,-1,-1,-1
74,-1,667.12,143.20,44.77,114.78,0.970539,-1,-1,-1
74,-1,582.58,146.11,36.87,82.68,0.702097,-1,-1,-1
75,-1,672.94,144.32,45.84,109.06,0.953537,-1,-1,-1
75,-1,540.89,147.49,25.97,76.68,0.590149,-1,-1,-1
75,-1,588.97,147.15,33.30,78.36,0.578842,-1,-1,-1
76,-1,674.86,146.64,42.20,119.58,0.969283,-1,-1,-1
76,-1,592.11,146.54,31.86,81.14,0.738741,-1,-1,-1
76,-1,550.74,141.89,29.30,89.84,0.738340,-1,-1,-1
76,-1,542.59,142.35,26.44,88.89,0.567525,-1,-1,-1
77,-1,683.81,147.12,44.33,127.36,0.985011,-1,-1,-1
77,-1,597.69,144.66,33.16,82.82,0.729853,-1,-1,-1
77,-1,550.01,140.54,27.33,91.17,0.596890,-1,-1,-1
77,-1,596.60,161.99,47.52,51.31,0.531815,-1,-1,-1
78,-1,691.70,147.20,40.92,128.93,0.965791,-1,-1,-1
78,-1,596.04,144.77,34.06,85.75,0.721428,-1,-1,-1
78,-1,548.19,139.73,33.50,90.96,0.675164,-1,-1,-1
78,-1,596.65,160.03,47.72,54.74,0.526514,-1,-1,-1
78,-1,348.09,162.62,32.47,46.07,0.504912,-1,-1,-1
79,-1,703.60,140.41,42.10,137.39,0.966154,-1,-1,-1
79,-1,544.41,142.07,43.30,93.75,0.634788,-1,-1,-1
79,-1,540.55,142.63,29.23,84.55,0.535626,-1,-1,-1
79,-1,592.19,142.91,42.43,89.29,0.509392,-1,-1,-1
80,-1,712.39,137.03,42.09,135.54,0.947707,-1,-1,-1
80,-1,552.49,137.97,41.36,101.99,0.699501,-1,-1,-1
80,-1,576.40,137.99,46.12,99.35,0.568486,-1,-1,-1
81,-1,718.04,143.38,38.77,134.86,0.959337,-1,-1,-1
81,-1,557.23,135.50,41.86,104.84,0.853881,-1,-1,-1
81,-1,572.08,134.43,52.57,101.81,0.745837,-1,-1,-1
81,-1,628.67,150.07,42.30,86.57,0.644250,-1,-1,-1
81,-1,655.00,153.32,30.68,76.78,0.624613,-1,-1,-1
81,-1,544.06,138.34,30.99,100.06,0.538077,-1,-1,-1
82,-1,718.88,149.01,56.56,136.32,0.963957,-1,-1,-1
82,-1,561.13,134.86,40.56,102.69,0.781811,-1,-1,-1
82,-1,643.77,153.36,35.91,77.60,0.676939,-1,-1,-1
82,-1,574.03,135.36,49.41,102.45,0.641794,-1,-1,-1
82,-1,552.59,136.43,32.73,97.66,0.528207,-1,-1,-1
83,-1,729.03,144.95,45.20,142.40,0.958779,-1,-1,-1
83,-1,622.64,147.39,46.14,90.26,0.694251,-1,-1,-1
83,-1,639.60,153.33,37.26,79.85,0.694214,-1,-1,-1
83,-1,559.63,133.88,39.88,103.72,0.691043,-1,-1,-1
83,-1,580.43,132.60,52.48,104.91,0.664490,-1,-1,-1
84,-1,737.40,144.52,49.05,143.76,0.969709,-1,-1,-1
84,-1,573.96,131.23,53.39,107.88,0.735480,-1,-1,-1
84,-1,563.23,133.91,40.03,103.37,0.690933,-1,-1,-1
84,-1,654.04,150.19,31.70,80.39,0.671318,-1,-1,-1
84,-1,350.84,160.67,30.53,45.01,0.536541,-1,-1,-1
85,-1,748.96,145.20,43.70,135.92,0.954951,-1,-1,-1
85,-1,568.48,131.54,51.09,109.76,0.864800,-1,-1,-1
85,-1,651.82,148.16,32.63,84.24,0.646395,-1,-1,-1
86,-1,751.95,147.93,60.18,145.41,0.994472,-1,-1,-1
86,-1,571.02,132.85,47.28,109.54,0.806722,-1,-1,-1
86,-1,566.47,131.72,28.12,101.12,0.688905,-1,-1,-1
86,-1,652.54,149.95,29.92,84.29,0.561881,-1,-1,-1
87,-1,754.79,152.23,64.28,145.02,0.990088,-1,-1,-1
87,-1,572.08,130.48,33.70,114.35,0.852248,-1,-1,-1
87,-1,695.45,150.97,29.49,86.79,0.571991,-1,-1,-1
88,-1,754.67,149.95,67.83,153.89,0.985203,-1,-1,-1
88,-1,576.08,132.87,31.58,107.88,0.810168,-1,-1,-1
88,-1,584.35,134.92,36.79,110.95,0.691583,-1,-1,-1
88,-1,266.45,157.22,23.53,46.80,0.660740,-1,-1,-1
88,-1,569.15,130.90,26.43,101.93,0.657029,-1,-1,-1
88,-1,256.67,153.75,24.56,49.80,0.515459,-1,-1,-1
89,-1,776.23,147.95,55.14,156.74,0.988801,-1,-1,-1
89,-1,572.30,133.88,37.95,116.92,0.880982,-1,-1,-1
89,-1,694.24,150.44,30.20,91.71,0.536082,-1,-1,-1
90,-1,786.50,146.55,51.97,159.49,0.988575,-1,-1,-1
90,-1,575.80,133.86,38.93,117.74,0.860703,-1,-1,-1
90,-1,696.92,152.00,34.11,91.78,0.620408,-1,-1,-1
90,-1,622.73,144.15,41.78,100.83,0.554659,-1,-1,-1
90,-1,256.59,149.19,31.32,60.15,0.534392,-1,-1,-1
91,-1,787.26,146.99,70.01,166.99,0.996582,-1,-1,-1
91,-1,704.11,149.50,30.45,88.23,0.804546,-1,-1,-1
91,-1,625.23,141.82,41.36,104.92,0.692692,-1,-1,-1
91,-1,586.65,134.54,36.50,117.66,0.649311,-1,-1,-1
91,-1,260.78,156.43,27.15,50.73,0.590957,-1,-1,-1
92,-1,798.07,148.90,73.10,173.70,0.990466,-1,-1,-1
92,-1,707.52,153.69,30.45,84.59,0.877195,-1,-1,-1
92,-1,574.43,137.19,45.38,117.74,0.857578,-1,-1,-1
92,-1,717.77,152.05,30.59,89.69,0.810238,-1,-1,-1
92,-1,628.87,143.97,47.18,104.44,0.666297,-1,-1,-1
93,-1,807.33,147.68,71.62,178.15,0.996532,-1,-1,-1
93,-1,714.85,152.09,28.73,91.68,0.903661,-1,-1,-1
93,-1,622.77,139.32,48.86,113.16,0.755265,-1,-1,-1
93,-1,582.79,132.35,56.72,117.67,0.738647,-1,-1,-1
93,-1,645.54,147.68,38.10,98.80,0.620148,-1,-1,-1
93,-1,572.18,134.84,40.25,108.92,0.506367,-1,-1,-1
94,-1,834.73,141.80,48.48,180.60,0.993708,-1,-1,-1
94,-1,723.30,149.37,32.35,96.47,0.885909,-1,-1,-1
94,-1,585.97,134.64,51.92,122.51,0.828157,-1,-1,-1
94,-1,626.22,141.14,52.90,110.15,0.690869,-1,-1,-1
95,-1,841.94,147.77,69.69,177.78,0.993623,-1,-1,-1
95,-1,725.21,149.18,30.58,95.08,0.881005,-1,-1,-1
95,-1,591.39,133.87,55.71,126.86,0.871403,-1,-1,-1
95,-1,621.01,139.05,55.85,113.50,0.748720,-1,-1,-1
96,-1,847.62,153.54,86.50,174.59,0.998793,-1,-1,-1
96,-1,725.77,150.46,31.83,93.89,0.880974,-1,-1,-1
96,-1,590.60,134.93,56.89,128.19,0.857633,-1,-1,-1
96,-1,654.47,148.46,35.01,99.48,0.627316,-1,-1,-1
96,-1,348.52,164.22,33.88,47.88,0.503294,-1,-1,-1
97,-1,844.49,154.48,96.02,184.85,0.999182,-1,-1,-1
97,-1,724.86,150.36,32.85,97.04,0.904384,-1,-1,-1
97,-1,590.52,136.82,56.78,127.33,0.816154,-1,-1,-1
97,-1,626.36,143.55,54.94,112.77,0.695253,-1,-1,-1
97,-1,655.29,150.12,33.76,99.27,0.658061,-1,-1,-1
97,-1,350.23,163.14,31.53,45.24,0.524242,-1,-1,-1
98,-1,873.81,150.57,76.85,194.09,0.990923,-1,-1,-1
98,-1,732.90,149.60,44.90,95.92,0.947615,-1,-1,-1
98,-1,604.82,135.54,43.63,131.48,0.871930,-1,-1,-1
98,-1,629.72,142.26,54.39,118.60,0.796614,-1,-1,-1
98,-1,653.89,147.93,38.70,105.40,0.757868,-1,-1,-1
98,-1,729.02,151.36,28.76,93.69,0.695695,-1,-1,-1
98,-1,350.61,164.19,31.44,45.83,0.543134,-1,-1,-1
99,-1,896.78,144.06,67.73,198.61,0.994338,-1,-1,-1
99,-1,737.21,150.49,41.11,99.04,0.958407,-1,-1,-1
99,-1,602.32,131.66,44.79,135.70,0.904877,-1,-1,-1
99,-1,655.92,146.83,40.23,107.08,0.815605,-1,-1,-1
99,-1,350.62,160.32,31.87,46.03,0.651174,-1,-1,-1
100,-1,908.28,144.21,78.18,210.82,0.995805,-1,-1,-1
100,-1,739.30,150.13,42.74,103.91,0.971719,-1,-1,-1
100,-1,596.29,135.77,53.50,136.97,0.940586,-1,-1,-1
100,-1,656.72,148.10,37.38,105.40,0.833562,-1,-1,-1
100,-1,352.44,157.51,30.76,46.44,0.669049,-1,-1,-1
101,-1,898.80,147.72,115.46,211.42,0.998813,-1,-1,-1
101,-1,745.19,150.76,35.69,101.31,0.978570,-1,-1,-1
101,-1,601.55,135.30,50.30,136.49,0.920291,-1,-1,-1
101,-1,656.27,148.55,37.84,110.68,0.779691,-1,-1,-1
101,-1,353.23,155.97,29.37,44.81,0.617785,-1,-1,-1
102,-1,922.71,147.07,109.57,214.41,0.994764,-1,-1,-1
102,-1,750.42,150.07,33.34,98.88,0.978852,-1,-1,-1
102,-1,605.43,134.77,49.30,139.02,0.889894,-1,-1,-1
102,-1,656.16,142.30,37.52,123.87,0.788707,-1,-1,-1
102,-1,351.43,162.26,31.26,42.76,0.595950,-1,-1,-1
102,-1,742.89,150.27,24.75,101.20,0.518597,-1,-1,-1
103,-1,958.85,145.56,90.08,215.77,0.994828,-1,-1,-1
103,-1,755.00,152.07,38.42,99.95,0.937915,-1,-1,-1
103,-1,609.74,132.48,48.60,140.22,0.843021,-1,-1,-1
103,-1,654.66,138.37,38.96,128.12,0.801083,-1,-1,-1
103,-1,351.87,159.76,31.52,46.49,0.647474,-1,-1,-1
104,-1,984.32,141.31,77.57,220.63,0.996114,-1,-1,-1
104,-1,762.49,152.28,48.51,101.55,0.958644,-1,-1,-1
104,-1,600.80,125.18,59.45,148.34,0.915411,-1,-1,-1
104,-1,654.89,136.98,41.01,131.88,0.855567,-1,-1,-1
104,-1,352.23,158.01,30.89,44.36,0.605575,-1,-1,-1
105,-1,997.53,141.76,98.23,226.69,0.994156,-1,-1,-1
105,-1,586.63,128.50,85.32,156.41,0.978170,-1,-1,-1
105,-1,769.62,153.02,36.53,99.81,0.943459,-1,-1,-1
105,-1,674.78,145.74,50.16,121.19,0.670717,-1,-1,-1
105,-1,658.81,143.02,44.00,126.80,0.627116,-1,-1,-1
105,-1,352.03,161.57,30.90,43.62,0.539460,-1,-1,-1
106,-1,1001.70,143.70,128.63,222.60,0.994186,-1,-1,-1
106,-1,770.70,152.49,39.75,104.78,0.971234,-1,-1,-1
106,-1,609.39,130.68,70.65,147.26,0.941887,-1,-1,-1
106,-1,674.52,146.99,54.00,122.03,0.782075,-1,-1,-1
106,-1,650.01,142.24,40.70,132.70,0.526257,-1,-1,-1
107,-1,1003.71,145.17,139.89,220.58,0.999200,-1,-1,-1
107,-1,778.29,150.34,40.91,105.43,0.971668,-1,-1,-1
107,-1,681.92,150.60,51.29,120.82,0.830259,-1,-1,-1
107,-1,351.59,156.82,31.52,44.38,0.633527,-1,-1,-1
107,-1,615.48,136.40,62.92,142.17,0.600128,-1,-1,-1
108,-1,1053.96,144.41,103.94,225.59,0.982932,-1,-1,-1
108,-1,782.40,155.09,42.83,105.07,0.978578,-1,-1,-1
108,-1,592.36,131.27,84.87,153.82,0.939477,-1,-1,-1
108,-1,686.58,149.94,39.07,123.61,0.848469,-1,-1,-1
108,-1,350.75,163.58,31.92,42.95,0.562902,-1,-1,-1
109,-1,1095.78,136.72,82.71,233.28,0.987173,-1,-1,-1
109,-1,787.89,154.63,45.37,112.98,0.971381,-1,-1,-1
109,-1,616.45,129.62,60.37,155.85,0.944675,-1,-1,-1
109,-1,680.52,146.99,53.24,134.13,0.841447,-1,-1,-1
110,-1,1120.67,139.81,91.30,230.19,0.990621,-1,-1,-1
110,-1,793.20,155.18,45.44,108.53,0.971285,-1,-1,-1
110,-1,627.65,128.39,44.34,155.96,0.926937,-1,-1,-1
110,-1,691.40,153.02,50.07,133.74,0.833750,-1,-1,-1
111,-1,799.50,151.87,46.18,110.17,0.969478,-1,-1,-1
111,-1,1127.33,149.66,92.24,220.34,0.955768,-1,-1,-1
111,-1,630.67,132.94,48.69,158.14,0.934698,-1,-1,-1
111,-1,701.91,158.65,47.08,126.60,0.889041,-1,-1,-1
112,-1,802.77,150.24,46.04,118.93,0.986998,-1,-1,-1
112,-1,631.02,136.02,52.39,158.25,0.959504,-1,-1,-1
112,-1,705.97,155.04,43.50,131.29,0.951304,-1,-1,-1
112,-1,1167.01,188.46,55.60,147.80,0.864749,-1,-1,-1
113,-1,806.51,154.51,47.08,116.11,0.988903,-1,-1,-1
113,-1,710.66,152.49,52.83,136.50,0.970558,-1,-1,-1
113,-1,635.43,135.11,57.90,162.63,0.960439,-1,-1,-1
114,-1,814.43,152.43,48.74,124.23,0.987957,-1,-1,-1
114,-1,639.77,130.82,62.05,172.65,0.978521,-1,-1,-1
114,-1,707.05,152.16,59.71,144.19,0.969972,-1,-1,-1
115,-1,640.20,127.14,62.97,173.76,0.984681,-1,-1,-1
115,-1,821.71,154.86,46.12,122.35,0.981709,-1,-1,-1
115,-1,709.09,154.66,67.49,148.51,0.976360,-1,-1,-1
116,-1,636.89,136.35,65.38,169.28,0.980071,-1,-1,-1
116,-1,829.53,153.66,44.35,123.94,0.971866,-1,-1,-1
116,-1,713.50,154.46,59.71,144.80,0.929874,-1,-1,-1
117,-1,636.70,139.71,69.66,171.18,0.990671,-1,-1,-1
117,-1,834.77,156.21,45.26,122.36,0.982278,-1,-1,-1
117,-1,730.83,154.74,62.33,144.02,0.922396,-1,-1,-1
117,-1,719.65,153.78,47.64,147.50,0.778388,-1,-1,-1
117,-1,350.55,162.89,31.18,41.51,0.583626,-1,-1,-1
118,-1,642.64,140.02,69.68,180.84,0.987464,-1,-1,-1
118,-1,843.24,155.87,64.58,125.32,0.967828,-1,-1,-1
118,-1,728.39,148.21,53.86,159.62,0.927339,-1,-1,-1
118,-1,350.13,160.69,32.04,44.62,0.600705,-1,-1,-1
119,-1,853.31,157.26,51.61,130.01,0.990919,-1,-1,-1
119,-1,654.03,134.37,66.88,192.08,0.985259,-1,-1,-1
119,-1,736.14,152.77,62.56,161.65,0.977871,-1,-1,-1
119,-1,350.01,164.10,32.90,45.90,0.522351,-1,-1,-1
120,-1,861.65,154.37,51.07,132.03,0.991183,-1,-1,-1
120,-1,733.99,156.07,61.33,168.56,0.977152,-1,-1,-1
120,-1,670.97,136.74,53.80,182.25,0.930979,-1,-1,-1
121,-1,873.61,157.00,46.50,125.76,0.980293,-1,-1,-1
121,-1,737.61,157.70,64.97,171.62,0.978144,-1,-1,-1
121,-1,675.91,141.50,61.99,183.51,0.956903,-1,-1,-1
121,-1,349.70,163.97,34.28,40.52,0.537543,-1,-1,-1
122,-1,881.16,156.86,55.34,130.87,0.993162,-1,-1,-1
122,-1,679.59,139.54,61.12,193.81,0.986406,-1,-1,-1
122,-1,741.87,158.45,70.67,176.71,0.971300,-1,-1,-1
122,-1,348.29,163.54,34.55,40.14,0.540767,-1,-1,-1
123,-1,683.79,143.26,66.35,192.15,0.990342,-1,-1,-1
123,-1,884.24,155.39,66.11,138.53,0.990223,-1,-1,-1
123,-1,751.17,160.10,66.91,173.57,0.974620,-1,-1,-1
124,-1,767.59,162.90,49.82,179.27,0.991631,-1,-1,-1
124,-1,686.10,138.71,68.67,200.84,0.991515,-1,-1,-1
124,-1,898.47,159.06,56.87,137.71,0.981066,-1,-1,-1
124,-1,351.00,163.84,32.32,55.14,0.531157,-1,-1,-1
125,-1,906.88,161.86,55.99,140.80,0.991571,-1,-1,-1
125,-1,755.86,165.18,77.87,177.37,0.989539,-1,-1,-1
125,-1,695.60,129.04,68.71,205.99,0.989506,-1,-1,-1
125,-1,350.48,161.45,32.61,48.26,0.640662,-1,-1,-1
126,-1,923.28,153.47,50.36,146.62,0.993465,-1,-1,-1
126,-1,694.67,130.92,74.13,208.32,0.992891,-1,-1,-1
126,-1,766.88,163.87,80.53,184.54,0.987282,-1,-1,-1
127,-1,688.73,136.67,85.91,211.06,0.996151,-1,-1,-1
127,-1,933.81,157.29,68.27,155.70,0.996029,-1,-1,-1
127,-1,777.93,161.99,78.11,179.63,0.966143,-1,-1,-1
127,-1,351.16,163.55,31.03,48.50,0.584408,-1,-1,-1
128,-1,687.79,136.42,94.07,213.45,0.994946,-1,-1,-1
128,-1,940.25,160.54,76.44,156.38,0.994297,-1,-1,-1
128,-1,790.31,157.30,61.31,191.78,0.987761,-1,-1,-1
129,-1,791.75,156.97,78.85,206.51,0.996801,-1,-1,-1
129,-1,703.44,130.12,93.41,232.52,0.993662,-1,-1,-1
129,-1,962.14,159.57,59.92,157.35,0.986730,-1,-1,-1
130,-1,794.33,155.77,85.99,212.95,0.996628,-1,-1,-1
130,-1,975.04,161.60,47.55,153.95,0.989310,-1,-1,-1
130,-1,732.15,130.59,73.98,233.88,0.984572,-1,-1,-1
131,-1,740.76,125.75,67.41,240.16,0.994925,-1,-1,-1
131,-1,807.42,159.95,83.38,203.77,0.992870,-1,-1,-1
131,-1,983.40,156.19,62.34,161.49,0.989535,-1,-1,-1
131,-1,350.25,162.45,32.86,46.79,0.586620,-1,-1,-1
132,-1,740.55,131.68,82.58,237.66,0.997266,-1,-1,-1
132,-1,816.84,159.21,80.21,209.29,0.996756,-1,-1,-1
132,-1,992.28,162.61,75.00,156.75,0.992694,-1,-1,-1
133,-1,748.92,128.28,85.58,241.72,0.996275,-1,-1,-1
133,-1,833.03,159.01,94.54,210.61,0.992972,-1,-1,-1
133,-1,997.64,159.54,87.69,171.32,0.991634,-1,-1,-1
134,-1,757.41,125.22,88.37,242.33,0.998144,-1,-1,-1
134,-1,1024.85,162.97,70.93,170.59,0.990794,-1,-1,-1
134,-1,840.18,166.42,99.60,203.58,0.981467,-1,-1,-1
134,-1,349.80,158.74,35.00,52.00,0.696211,-1,-1,-1
135,-1,774.79,124.60,76.53,244.94,0.997959,-1,-1,-1
135,-1,850.06,162.81,99.31,207.19,0.995227,-1,-1,-1
135,-1,1037.31,154.80,65.37,179.64,0.989780,-1,-1,-1
135,-1,351.03,155.57,34.18,50.96,0.790863,-1,-1,-1
136,-1,781.99,128.00,78.96,242.00,0.998364,-1,-1,-1
136,-1,1047.51,163.29,85.19,179.00,0.997141,-1,-1,-1
136,-1,871.29,159.78,88.70,210.22,0.995769,-1,-1,-1
136,-1,350.98,156.08,33.88,49.34,0.770393,-1,-1,-1
137,-1,777.96,121.68,102.66,248.32,0.998733,-1,-1,-1
137,-1,1069.94,166.00,87.14,181.83,0.998438,-1,-1,-1
137,-1,897.57,161.44,90.55,207.32,0.989305,-1,-1,-1
137,-1,351.50,156.54,32.38,45.98,0.699453,-1,-1,-1
138,-1,769.74,125.16,115.94,241.89,0.998926,-1,-1,-1
138,-1,910.19,158.49,89.93,211.51,0.996226,-1,-1,-1
138,-1,1085.87,165.83,82.16,181.88,0.991966,-1,-1,-1
138,-1,351.37,157.12,33.47,47.74,0.712860,-1,-1,-1
139,-1,915.58,162.58,102.20,207.42,0.996206,-1,-1,-1
139,-1,770.15,121.75,130.81,248.25,0.996202,-1,-1,-1
139,-1,1113.09,163.99,66.12,168.31,0.982754,-1,-1,-1
139,-1,351.44,155.10,33.05,50.08,0.642317,-1,-1,-1
140,-1,790.14,113.40,122.33,255.06,0.996500,-1,-1,-1
140,-1,931.28,163.28,112.06,206.72,0.994696,-1,-1,-1
140,-1,1125.35,158.39,79.93,195.18,0.985825,-1,-1,-1
140,-1,351.41,156.70,32.88,48.18,0.622108,-1,-1,-1
141,-1,831.80,117.96,100.25,252.04,0.994965,-1,-1,-1
141,-1,968.54,161.88,98.13,208.12,0.992789,-1,-1,-1
141,-1,1147.87,169.93,72.79,171.70,0.975542,-1,-1,-1
141,-1,350.99,161.76,32.32,49.20,0.594926,-1,-1,-1
142,-1,856.09,111.77,92.01,257.01,0.998498,-1,-1,-1
142,-1,990.68,157.68,99.89,212.32,0.994093,-1,-1,-1
142,-1,1138.87,154.39,84.06,215.61,0.936304,-1,-1,-1
142,-1,351.13,158.36,33.12,49.22,0.611208,-1,-1,-1
143,-1,865.03,119.16,97.28,250.32,0.993969,-1,-1,-1
143,-1,1000.81,163.40,117.62,206.60,0.987949,-1,-1,-1
143,-1,351.09,157.04,32.91,48.95,0.700767,-1,-1,-1
143,-1,263.63,142.92,27.40,64.43,0.634616,-1,-1,-1
144,-1,883.15,115.60,116.19,254.40,0.997271,-1,-1,-1
144,-1,1027.27,164.62,123.36,205.38,0.990529,-1,-1,-1
144,-1,350.80,157.14,32.63,48.95,0.677275,-1,-1,-1
145,-1,908.32,102.98,111.34,267.02,0.994768,-1,-1,-1
145,-1,1079.84,166.71,100.09,203.29,0.988287,-1,-1,-1
145,-1,349.76,155.05,35.88,54.82,0.723445,-1,-1,-1
