3,1,575.82,83.78,62.65,198.60,1,-1,-1,-1
3,2,355.08,80.22,90.86,248.99,1,-1,-1,-1
3,3,183.61,93.43,79.95,226.73,1,-1,-1,-1
3,4,441.50,90.57,88.91,240.20,1,-1,-1,-1
3,5,84.55,100.55,64.68,219.23,1,-1,-1,-1
3,6,515.69,112.97,44.80,121.56,1,-1,-1,-1
4,1,575.07,85.04,62.48,197.48,1,-1,-1,-1
4,2,359.56,81.99,90.52,247.01,1,-1,-1,-1
4,3,190.98,91.92,80.06,227.77,1,-1,-1,-1
4,4,445.40,89.98,88.44,239.47,1,-1,-1,-1
4,5,76.07,102.47,65.04,217.84,1,-1,-1,-1
4,6,515.75,113.29,44.70,121.46,1,-1,-1,-1
4,8,180.47,95.07,37.72,158.71,1,-1,-1,-1
5,1,574.11,86.20,62.38,196.15,1,-1,-1,-1
5,2,363.28,83.52,90.48,245.65,1,-1,-1,-1
5,3,198.77,91.22,80.25,228.35,1,-1,-1,-1
5,4,449.06,89.63,87.08,236.29,1,-1,-1,-1
5,5,69.78,103.68,66.28,218.40,1,-1,-1,-1
5,6,515.48,113.72,44.17,120.12,1,-1,-1,-1
5,8,180.90,95.17,37.99,159.45,1,-1,-1,-1
6,1,572.28,87.02,62.58,195.26,1,-1,-1,-1
6,2,365.20,84.49,90.14,243.95,1,-1,-1,-1
6,3,204.45,90.76,80.55,229.01,1,-1,-1,-1
6,4,450.56,88.50,86.10,235.04,1,-1,-1,-1
6,5,64.94,104.40,67.55,218.28,1,-1,-1,-1
6,6,514.36,113.74,44.11,120.17,1,-1,-1,-1
6,8,181.21,95.32,38.33,160.38,1,-1,-1,-1
7,1,570.40,87.93,62.69,194.21,1,-1,-1,-1
7,2,367.61,85.35,90.00,242.53,1,-1,-1,-1
7,3,211.08,91.95,80.31,227.73,1,-1,-1,-1
7,4,454.13,86.81,86.24,236.14,1,-1,-1,-1
7,5,60.92,104.01,69.06,219.28,1,-1,-1,-1
7,6,514.19,113.78,43.92,120.17,1,-1,-1,-1
7,8,181.57,95.49,38.42,159.53,1,-1,-1,-1
8,1,567.09,88.86,62.85,193.11,1,-1,-1,-1
8,2,369.21,85.94,89.86,241.43,1,-1,-1,-1
8,3,216.87,93.74,80.08,225.78,1,-1,-1,-1
8,4,457.42,86.24,85.99,236.39,1,-1,-1,-1
8,5,56.51,103.55,70.02,220.03,1,-1,-1,-1
8,6,513.82,113.94,43.79,119.81,1,-1,-1,-1
8,8,181.89,95.39,38.45,158.27,1,-1,-1,-1
9,1,563.63,88.71,62.88,193.16,1,-1,-1,-1
9,2,371.40,85.32,90.09,241.46,1,-1,-1,-1
9,3,223.39,95.73,79.90,223.54,1,-1,-1,-1
9,4,460.24,86.71,85.31,236.10,1,-1,-1,-1
9,5,52.14,102.20,70.56,221.32,1,-1,-1,-1
9,8,181.84,95.32,38.72,158.17,1,-1,-1,-1
10,1,561.43,88.12,62.83,193.63,1,-1,-1,-1
10,2,372.33,84.07,90.89,243.46,1,-1,-1,-1
10,3,227.98,96.91,80.24,222.31,1,-1,-1,-1
10,4,463.58,87.10,84.79,236.18,1,-1,-1,-1
10,5,45.30,100.59,70.53,223.10,1,-1,-1,-1
10,8,181.47,95.66,38.74,157.03,1,-1,-1,-1
11,1,559.39,87.47,62.78,194.22,1,-1,-1,-1
11,2,373.89,82.85,90.92,243.97,1,-1,-1,-1
11,3,230.91,97.71,80.54,221.12,1,-1,-1,-1
11,4,469.56,87.45,84.50,235.72,1,-1,-1,-1
11,5,38.33,100.17,69.75,223.41,1,-1,-1,-1
11,8,180.80,95.87,39.01,156.72,1,-1,-1,-1
12,1,556.94,87.44,62.43,193.87,1,-1,-1,-1
12,2,375.86,81.61,89.80,241.24,1,-1,-1,-1
12,3,234.15,97.93,80.76,219.99,1,-1,-1,-1
12,4,473.25,89.21,84.38,234.07,1,-1,-1,-1
12,5,32.08,99.39,69.28,224.60,1,-1,-1,-1
12,8,180.56,95.93,39.35,156.65,1,-1,-1,-1
13,1,555.22,87.42,62.01,193.65,1,-1,-1,-1
13,2,377.67,80.15,89.82,241.70,1,-1,-1,-1
13,3,237.86,97.23,80.99,219.82,1,-1,-1,-1
13,4,477.90,90.09,84.66,233.79,1,-1,-1,-1
13,5,26.73,98.41,68.81,225.49,1,-1,-1,-1
13,8,180.27,95.65,39.87,157.45,1,-1,-1,-1
14,1,553.54,87.00,61.54,193.06,1,-1,-1,-1
14,2,381.28,79.90,89.55,241.14,1,-1,-1,-1
14,3,242.31,95.07,80.51,218.90,1,-1,-1,-1
14,4,482.01,91.37,84.37,231.73,1,-1,-1,-1
14,5,17.44,98.50,69.15,225.72,1,-1,-1,-1
14,8,179.69,95.74,40.12,157.08,1,-1,-1,-1
14,9,604.53,109.06,33.49,128.40,1,-1,-1,-1
15,1,549.33,87.65,61.49,191.82,1,-1,-1,-1
15,2,383.94,79.62,89.52,241.22,1,-1,-1,-1
15,3,244.92,92.51,80.32,219.44,1,-1,-1,-1
15,4,485.26,92.16,84.58,230.18,1,-1,-1,-1
15,5,8.82,98.16,70.56,226.66,1,-1,-1,-1
15,8,179.43,95.63,40.43,157.13,1,-1,-1,-1
15,9,603.39,109.06,34.04,129.90,1,-1,-1,-1
16,1,546.88,86.97,61.57,192.20,1,-1,-1,-1
16,2,386.91,80.02,89.34,241.06,1,-1,-1,-1
16,3,247.69,91.15,80.02,219.93,1,-1,-1,-1
16,4,486.06,93.05,84.69,229.07,1,-1,-1,-1
16,5,4.94,98.77,72.01,227.68,1,-1,-1,-1
16,8,178.94,95.46,40.78,157.23,1,-1,-1,-1
16,9,601.82,108.49,34.57,130.88,1,-1,-1,-1
17,1,545.17,86.99,61.39,191.24,1,-1,-1,-1
17,2,390.04,80.93,88.87,240.09,1,-1,-1,-1
17,3,249.97,90.69,79.38,219.70,1,-1,-1,-1
17,4,486.23,92.96,84.61,228.36,1,-1,-1,-1
17,5,3.40,100.19,72.81,226.66,1,-1,-1,-1
17,8,178.80,95.20,41.04,157.63,1,-1,-1,-1
17,9,600.60,108.20,35.06,130.95,1,-1,-1,-1
18,1,546.47,87.78,60.68,190.74,1,-1,-1,-1
18,2,393.56,81.78,88.71,239.11,1,-1,-1,-1
18,3,252.25,90.63,78.67,219.77,1,-1,-1,-1
18,4,486.79,92.20,84.69,228.53,1,-1,-1,-1
18,5,2.69,101.62,73.58,225.80,1,-1,-1,-1
18,8,178.52,95.27,41.12,157.41,1,-1,-1,-1
18,9,598.63,108.27,35.75,131.32,1,-1,-1,-1
19,1,546.77,88.38,60.26,192.13,1,-1,-1,-1
19,2,398.20,83.06,88.66,237.57,1,-1,-1,-1
19,3,256.12,91.06,77.96,219.30,1,-1,-1,-1
19,4,489.07,90.54,84.83,229.45,1,-1,-1,-1
19,5,2.13,102.73,74.13,224.80,1,-1,-1,-1
19,8,178.21,95.17,41.27,157.60,1,-1,-1,-1
19,9,596.56,107.42,36.78,132.99,1,-1,-1,-1
20,1,547.43,89.04,59.35,192.20,1,-1,-1,-1
20,2,402.94,84.21,88.61,236.03,1,-1,-1,-1
20,3,261.14,92.58,77.75,217.77,1,-1,-1,-1
20,4,493.25,89.63,84.72,229.45,1,-1,-1,-1
20,5,1.03,103.01,74.61,224.62,1,-1,-1,-1
20,8,177.95,94.81,41.42,157.93,1,-1,-1,-1
20,9,593.66,108.15,37.01,132.53,1,-1,-1,-1
21,1,550.84,101.07,53.93,179.09,1,-1,-1,-1
21,2,406.19,85.35,88.64,234.51,1,-1,-1,-1
21,3,267.05,95.14,77.36,215.45,1,-1,-1,-1
21,4,499.12,88.49,84.09,228.41,1,-1,-1,-1
21,5,-0.77,103.00,74.57,224.41,1,-1,-1,-1
21,8,177.59,94.71,41.54,157.91,1,-1,-1,-1
21,9,594.25,109.16,37.76,131.54,1,-1,-1,-1
22,1,549.92,102.67,53.42,177.42,1,-1,-1,-1
22,2,409.00,86.52,88.42,233.13,1,-1,-1,-1
22,3,270.84,97.03,76.77,213.33,1,-1,-1,-1
22,4,504.15,87.21,83.56,228.59,1,-1,-1,-1
22,5,-4.74,98.55,74.65,227.91,1,-1,-1,-1
22,8,177.86,94.83,41.54,157.63,1,-1,-1,-1
22,9,593.27,109.48,38.54,131.32,1,-1,-1,-1
23,2,409.53,86.42,88.20,233.09,1,-1,-1,-1
23,3,272.64,98.15,76.33,212.00,1,-1,-1,-1
23,4,508.03,86.49,83.74,229.14,1,-1,-1,-1
23,5,-10.23,86.23,75.37,237.46,1,-1,-1,-1
23,8,177.79,94.37,41.76,158.23,1,-1,-1,-1
23,9,591.50,109.73,39.56,131.01,1,-1,-1,-1
23,11,477.18,113.35,39.22,32.74,1,-1,-1,-1
24,2,413.36,86.30,88.90,233.16,1,-1,-1,-1
24,3,274.34,98.19,75.93,211.14,1,-1,-1,-1
24,4,510.01,86.76,83.45,228.49,1,-1,-1,-1
24,5,-15.75,78.89,74.11,244.81,1,-1,-1,-1
24,8,177.80,94.12,41.82,158.38,1,-1,-1,-1
24,9,590.40,109.67,40.44,130.71,1,-1,-1,-1
24,11,478.03,112.33,40.88,34.36,1,-1,-1,-1
25,2,416.54,86.19,89.37,232.64,1,-1,-1,-1
25,3,276.95,98.28,75.56,209.99,1,-1,-1,-1
25,4,508.60,86.40,84.51,228.90,1,-1,-1,-1
25,5,-21.39,76.24,70.46,248.79,1,-1,-1,-1
25,8,177.61,93.92,41.88,158.63,1,-1,-1,-1
25,9,590.66,109.62,41.34,130.56,1,-1,-1,-1
25,11,479.25,112.06,40.88,34.74,1,-1,-1,-1
26,2,420.22,84.96,89.89,232.18,1,-1,-1,-1
26,3,280.24,98.37,74.47,207.55,1,-1,-1,-1
26,4,509.05,87.22,85.67,228.06,1,-1,-1,-1
26,5,-19.57,73.82,67.34,250.29,1,-1,-1,-1
26,8,177.57,93.85,41.90,158.69,1,-1,-1,-1
26,9,589.94,109.48,41.87,130.79,1,-1,-1,-1
26,11,480.59,112.18,39.22,33.95,1,-1,-1,-1
27,1,501.60,95.03,54.49,187.12,1,-1,-1,-1
27,2,424.47,83.28,90.06,231.00,1,-1,-1,-1
27,3,286.10,97.18,73.82,206.67,1,-1,-1,-1
27,4,511.26,88.98,86.22,226.51,1,-1,-1,-1
27,5,-23.80,71.56,67.93,252.49,1,-1,-1,-1
27,8,177.59,93.94,41.98,159.28,1,-1,-1,-1
27,9,589.34,108.77,42.60,131.48,1,-1,-1,-1
27,11,480.08,112.51,37.86,33.43,1,-1,-1,-1
28,1,496.00,93.71,53.79,187.03,1,-1,-1,-1
28,2,428.95,82.04,90.31,230.72,1,-1,-1,-1
28,3,292.92,94.94,73.84,208.14,1,-1,-1,-1
28,4,518.60,90.37,84.87,224.78,1,-1,-1,-1
28,8,177.36,94.19,41.85,158.91,1,-1,-1,-1
28,9,588.21,107.97,43.32,132.71,1,-1,-1,-1
28,11,480.22,112.25,38.16,33.70,1,-1,-1,-1
29,1,495.85,93.89,52.06,186.76,1,-1,-1,-1
29,2,433.00,81.37,90.54,230.88,1,-1,-1,-1
29,3,299.89,94.41,73.52,208.01,1,-1,-1,-1
29,4,523.60,90.60,84.74,224.02,1,-1,-1,-1
29,8,177.28,94.42,41.74,158.36,1,-1,-1,-1
29,9,589.28,107.53,44.55,134.50,1,-1,-1,-1
30,1,496.92,93.34,51.23,187.82,1,-1,-1,-1
30,2,436.00,81.25,90.74,230.73,1,-1,-1,-1
30,3,305.57,93.79,73.60,208.17,1,-1,-1,-1
30,4,527.80,92.33,84.02,222.33,1,-1,-1,-1
30,8,177.13,94.28,41.77,158.40,1,-1,-1,-1
30,9,590.02,107.44,45.02,134.33,1,-1,-1,-1
31,1,501.45,93.52,51.75,187.06,1,-1,-1,-1
31,2,438.24,81.42,90.82,230.54,1,-1,-1,-1
31,3,310.42,93.31,74.04,208.69,1,-1,-1,-1
31,4,531.76,93.36,83.82,221.65,1,-1,-1,-1
31,8,177.13,94.66,41.69,158.18,1,-1,-1,-1
31,9,590.17,107.29,45.61,134.73,1,-1,-1,-1
32,1,503.64,93.43,52.88,187.22,1,-1,-1,-1
32,2,441.16,82.24,90.90,230.13,1,-1,-1,-1
32,3,315.01,93.69,73.96,208.35,1,-1,-1,-1
32,4,534.93,93.32,83.29,221.44,1,-1,-1,-1
32,8,176.82,94.83,41.67,157.90,1,-1,-1,-1
32,9,590.78,106.14,45.95,134.81,1,-1,-1,-1
33,1,502.48,91.93,53.47,186.74,1,-1,-1,-1
33,2,444.09,83.07,90.77,229.34,1,-1,-1,-1
33,3,319.89,95.46,73.53,206.80,1,-1,-1,-1
33,4,537.83,91.89,82.76,221.85,1,-1,-1,-1
33,8,176.73,94.78,41.73,157.95,1,-1,-1,-1
33,9,590.64,105.88,46.08,135.19,1,-1,-1,-1
34,1,499.58,91.51,53.35,186.08,1,-1,-1,-1
34,2,446.45,84.65,90.24,228.07,1,-1,-1,-1
34,3,323.88,97.19,73.29,204.77,1,-1,-1,-1
34,4,541.05,91.72,81.84,221.62,1,-1,-1,-1
34,8,176.73,94.96,41.70,157.67,1,-1,-1,-1
35,1,498.76,97.08,51.40,181.26,1,-1,-1,-1
35,2,449.00,86.46,89.36,225.90,1,-1,-1,-1
35,3,326.54,98.88,73.30,202.67,1,-1,-1,-1
35,4,544.82,90.48,80.94,221.24,1,-1,-1,-1
35,8,176.77,95.17,41.73,157.60,1,-1,-1,-1
36,1,496.70,94.41,51.37,183.48,1,-1,-1,-1
36,2,451.60,88.59,88.51,223.82,1,-1,-1,-1
36,3,328.19,98.78,73.85,202.61,1,-1,-1,-1
36,4,547.84,89.03,79.87,220.77,1,-1,-1,-1
36,5,-10.67,72.98,56.90,224.49,1,-1,-1,-1
36,8,176.46,94.98,41.89,157.72,1,-1,-1,-1
37,1,494.42,94.50,51.28,183.17,1,-1,-1,-1
37,2,454.87,89.91,88.11,222.42,1,-1,-1,-1
37,3,331.19,98.53,74.31,202.40,1,-1,-1,-1
37,4,551.37,88.13,78.98,220.04,1,-1,-1,-1
37,5,-11.51,72.21,56.63,223.41,1,-1,-1,-1
37,8,176.62,95.49,41.77,157.12,1,-1,-1,-1
38,2,457.83,90.61,87.88,221.23,1,-1,-1,-1
38,3,335.51,98.29,74.24,202.12,1,-1,-1,-1
38,4,555.99,87.75,78.90,220.21,1,-1,-1,-1
38,8,176.40,95.39,41.85,157.13,1,-1,-1,-1
39,2,460.28,89.56,88.24,221.96,1,-1,-1,-1
39,3,340.26,97.12,73.55,201.19,1,-1,-1,-1
39,4,558.44,87.78,78.31,220.25,1,-1,-1,-1
39,8,176.23,95.54,42.10,157.89,1,-1,-1,-1
40,2,462.38,88.27,88.31,222.45,1,-1,-1,-1
40,3,344.40,95.27,73.27,201.46,1,-1,-1,-1
40,4,560.55,88.02,77.53,219.84,1,-1,-1,-1
40,8,176.03,95.66,42.08,157.40,1,-1,-1,-1
40,12,445.34,109.52,27.50,112.84,1,-1,-1,-1
41,2,464.96,87.27,87.59,220.82,1,-1,-1,-1
41,3,347.01,94.09,72.95,201.83,1,-1,-1,-1
41,4,563.78,88.87,76.85,219.07,1,-1,-1,-1
41,8,176.03,95.28,42.17,157.54,1,-1,-1,-1
41,12,444.78,109.47,27.87,114.58,1,-1,-1,-1
42,2,467.53,85.84,87.46,220.64,1,-1,-1,-1
42,3,348.14,93.45,72.74,202.41,1,-1,-1,-1
42,4,565.94,89.73,76.17,218.20,1,-1,-1,-1
42,8,175.82,94.64,42.37,158.28,1,-1,-1,-1
42,12,443.13,108.86,30.49,126.17,1,-1,-1,-1
43,2,467.70,84.61,87.71,220.98,1,-1,-1,-1
43,3,350.96,93.12,72.03,202.22,1,-1,-1,-1
43,4,568.48,90.99,75.08,217.01,1,-1,-1,-1
43,8,175.50,94.68,42.43,158.09,1,-1,-1,-1
43,12,442.02,109.27,31.28,130.25,1,-1,-1,-1
44,2,469.27,84.34,87.82,219.53,1,-1,-1,-1
44,3,355.25,93.51,71.41,201.70,1,-1,-1,-1
44,4,570.94,92.53,73.68,215.49,1,-1,-1,-1
44,8,175.40,94.52,42.52,158.17,1,-1,-1,-1
44,12,440.97,110.72,30.82,128.84,1,-1,-1,-1
45,1,456.99,94.92,49.21,182.04,1,-1,-1,-1
45,2,471.69,84.65,88.64,220.24,1,-1,-1,-1
45,3,361.48,94.80,71.13,200.21,1,-1,-1,-1
45,4,572.78,93.73,72.32,214.24,1,-1,-1,-1
45,8,175.34,94.10,42.64,158.66,1,-1,-1,-1
45,12,439.35,111.23,30.71,128.75,1,-1,-1,-1
46,1,454.21,93.57,48.18,182.65,1,-1,-1,-1
46,2,478.49,85.21,88.23,220.42,1,-1,-1,-1
46,3,366.72,96.37,70.98,198.66,1,-1,-1,-1
46,4,574.18,93.30,71.18,213.96,1,-1,-1,-1
46,8,175.29,94.16,42.63,158.66,1,-1,-1,-1
46,12,437.71,111.80,30.49,128.51,1,-1,-1,-1
47,1,453.10,93.24,47.49,182.63,1,-1,-1,-1
47,2,485.00,85.80,87.86,219.34,1,-1,-1,-1
47,3,370.89,98.55,70.56,196.24,1,-1,-1,-1
47,4,575.35,93.52,70.02,213.52,1,-1,-1,-1
47,8,175.35,94.19,42.62,158.51,1,-1,-1,-1
47,12,435.87,111.67,30.32,128.70,1,-1,-1,-1
48,1,452.53,92.68,47.40,183.30,1,-1,-1,-1
48,2,490.68,86.89,88.30,218.35,1,-1,-1,-1
48,3,372.56,99.94,70.28,194.87,1,-1,-1,-1
48,4,576.81,92.82,69.07,214.26,1,-1,-1,-1
48,8,175.17,94.35,42.74,159.10,1,-1,-1,-1
48,12,434.47,111.49,30.36,129.46,1,-1,-1,-1
49,1,451.46,92.62,47.46,183.03,1,-1,-1,-1
49,2,495.36,87.52,88.65,217.58,1,-1,-1,-1
49,3,374.02,100.10,70.19,194.43,1,-1,-1,-1
49,4,578.81,91.65,67.89,215.02,1,-1,-1,-1
49,8,175.16,94.31,42.83,159.47,1,-1,-1,-1
49,12,432.53,111.68,30.37,129.25,1,-1,-1,-1
50,1,449.57,91.22,48.04,183.81,1,-1,-1,-1
50,2,498.34,88.90,88.68,215.78,1,-1,-1,-1
50,3,375.80,100.11,69.79,193.63,1,-1,-1,-1
50,4,580.83,90.56,66.21,214.27,1,-1,-1,-1
50,8,175.28,93.95,42.75,159.29,1,-1,-1,-1
50,12,431.72,112.06,29.32,126.55,1,-1,-1,-1
51,1,447.76,91.55,48.80,183.40,1,-1,-1,-1
51,2,499.93,89.55,88.82,214.80,1,-1,-1,-1
51,3,378.47,99.35,69.57,193.35,1,-1,-1,-1
51,4,582.96,89.69,64.52,213.94,1,-1,-1,-1
51,8,175.26,93.94,42.62,158.77,1,-1,-1,-1
51,12,430.44,112.28,29.51,127.38,1,-1,-1,-1
52,1,445.41,92.17,49.30,181.55,1,-1,-1,-1
52,2,500.96,89.95,89.06,214.20,1,-1,-1,-1
52,3,383.94,98.13,69.43,193.38,1,-1,-1,-1
52,4,584.56,89.00,63.01,214.14,1,-1,-1,-1
52,8,175.25,93.92,42.56,158.69,1,-1,-1,-1
53,1,445.31,92.52,49.39,180.72,1,-1,-1,-1
53,2,504.92,89.27,90.47,214.48,1,-1,-1,-1
53,3,390.01,96.73,69.12,193.95,1,-1,-1,-1
53,4,585.64,88.61,61.43,213.55,1,-1,-1,-1
53,8,175.22,93.95,42.54,158.62,1,-1,-1,-1
54,1,445.00,92.63,49.67,182.08,1,-1,-1,-1
54,2,507.45,88.81,91.53,214.91,1,-1,-1,-1
54,3,396.77,95.47,68.87,194.72,1,-1,-1,-1
54,4,586.23,88.26,60.22,213.78,1,-1,-1,-1
54,8,175.20,93.96,42.54,158.73,1,-1,-1,-1
55,1,445.09,92.74,49.10,181.90,1,-1,-1,-1
55,2,509.11,88.05,91.96,214.82,1,-1,-1,-1
55,3,402.01,94.50,68.47,194.52,1,-1,-1,-1
55,4,587.53,89.23,58.63,212.66,1,-1,-1,-1
55,8,175.20,93.89,42.49,158.58,1,-1,-1,-1
56,1,444.25,93.59,48.21,180.24,1,-1,-1,-1
56,2,512.22,87.67,91.36,213.49,1,-1,-1,-1
56,3,406.18,94.05,68.06,193.60,1,-1,-1,-1
56,4,588.56,90.41,57.10,211.29,1,-1,-1,-1
56,8,175.23,93.63,42.60,159.06,1,-1,-1,-1
57,1,442.35,94.60,47.60,178.54,1,-1,-1,-1
57,2,516.73,87.67,90.68,212.55,1,-1,-1,-1
57,3,410.39,94.28,68.03,193.87,1,-1,-1,-1
57,4,594.66,93.17,54.02,208.21,1,-1,-1,-1
57,8,174.96,93.78,42.57,158.86,1,-1,-1,-1
57,9,583.47,108.27,41.98,134.63,1,-1,-1,-1
58,1,444.93,95.60,45.99,177.87,1,-1,-1,-1
58,2,521.41,86.42,90.39,213.52,1,-1,-1,-1
58,3,414.13,94.94,68.30,193.94,1,-1,-1,-1
58,4,598.49,100.26,50.07,200.06,1,-1,-1,-1
58,8,174.95,93.99,42.49,158.43,1,-1,-1,-1
58,9,583.95,107.12,39.86,134.81,1,-1,-1,-1
59,1,443.56,95.86,45.87,177.40,1,-1,-1,-1
59,2,525.02,85.57,90.12,214.20,1,-1,-1,-1
59,3,416.40,96.13,68.27,192.36,1,-1,-1,-1
59,4,602.12,102.73,47.14,196.50,1,-1,-1,-1
59,8,174.95,93.98,42.53,158.57,1,-1,-1,-1
59,9,584.98,107.21,38.00,133.82,1,-1,-1,-1
60,2,527.53,85.74,89.15,213.86,1,-1,-1,-1
60,3,419.38,96.84,68.27,191.75,1,-1,-1,-1
60,4,604.53,110.95,43.41,187.40,1,-1,-1,-1
60,8,174.91,93.83,42.64,158.73,1,-1,-1,-1
60,9,584.65,107.21,37.96,133.68,1,-1,-1,-1
61,1,407.29,98.23,45.94,175.90,1,-1,-1,-1
61,2,529.26,86.03,88.00,213.63,1,-1,-1,-1
61,3,422.53,99.23,67.74,189.23,1,-1,-1,-1
61,4,607.46,114.83,40.42,181.76,1,-1,-1,-1
61,8,174.90,94.06,42.69,158.40,1,-1,-1,-1
62,1,400.71,97.53,46.30,175.61,1,-1,-1,-1
62,2,532.34,86.74,86.81,212.92,1,-1,-1,-1
62,3,426.79,100.15,67.55,187.39,1,-1,-1,-1
62,4,612.23,116.72,33.87,157.61,1,-1,-1,-1
62,8,175.04,94.14,42.88,158.43,1,-1,-1,-1
63,1,398.83,96.62,47.11,176.15,1,-1,-1,-1
63,2,536.58,88.55,85.58,210.68,1,-1,-1,-1
63,3,431.25,99.62,67.67,187.19,1,-1,-1,-1
63,4,614.23,117.77,31.33,151.05,1,-1,-1,-1
63,8,174.98,94.04,43.12,158.69,1,-1,-1,-1
64,1,398.73,95.18,47.77,177.43,1,-1,-1,-1
64,2,540.21,89.24,84.86,209.77,1,-1,-1,-1
64,3,434.72,98.61,67.91,187.04,1,-1,-1,-1
64,4,615.92,116.25,30.22,152.19,1,-1,-1,-1
64,8,175.08,94.15,43.26,158.57,1,-1,-1,-1
65,1,401.11,93.76,49.61,179.04,1,-1,-1,-1
65,2,543.64,89.74,84.08,208.76,1,-1,-1,-1
65,3,437.57,97.49,67.87,186.92,1,-1,-1,-1
65,4,617.36,116.52,28.76,151.30,1,-1,-1,-1
65,8,175.21,94.21,43.52,158.72,1,-1,-1,-1
66,1,401.21,93.16,50.77,178.99,1,-1,-1,-1
66,2,547.57,89.92,83.70,208.29,1,-1,-1,-1
66,3,439.71,95.84,67.71,186.49,1,-1,-1,-1
66,4,617.48,117.69,27.61,150.31,1,-1,-1,-1
66,8,175.40,94.24,43.67,158.50,1,-1,-1,-1
67,1,399.33,92.88,51.96,179.60,1,-1,-1,-1
67,2,550.21,90.48,83.01,207.25,1,-1,-1,-1
67,3,441.55,94.88,67.66,187.06,1,-1,-1,-1
67,4,617.45,111.55,27.76,157.06,1,-1,-1,-1
67,8,175.49,94.77,43.84,158.30,1,-1,-1,-1
68,1,395.71,92.61,52.55,179.26,1,-1,-1,-1
68,2,550.73,90.49,82.32,207.58,1,-1,-1,-1
68,3,443.35,94.19,67.84,189.10,1,-1,-1,-1
68,4,617.62,118.15,26.01,150.53,1,-1,-1,-1
68,8,175.36,94.43,44.21,158.81,1,-1,-1,-1
69,1,393.28,92.56,53.10,179.05,1,-1,-1,-1
69,2,553.29,89.85,81.83,207.66,1,-1,-1,-1
69,3,445.28,94.33,67.50,188.54,1,-1,-1,-1
69,4,617.94,112.18,26.12,156.41,1,-1,-1,-1
69,8,175.59,94.54,44.28,158.37,1,-1,-1,-1
70,1,391.07,92.60,53.61,178.72,1,-1,-1,-1
70,2,555.35,88.17,81.28,207.75,1,-1,-1,-1
70,3,448.44,93.83,67.87,189.86,1,-1,-1,-1
70,4,616.40,110.00,26.13,158.65,1,-1,-1,-1
70,8,176.00,94.36,44.39,158.25,1,-1,-1,-1
71,1,388.43,92.65,54.00,178.89,1,-1,-1,-1
71,2,558.79,87.33,80.90,207.30,1,-1,-1,-1
71,3,451.90,94.18,67.86,189.93,1,-1,-1,-1
71,4,616.35,109.34,25.74,158.87,1,-1,-1,-1
71,8,176.16,93.83,44.78,158.97,1,-1,-1,-1
72,1,386.39,93.23,54.27,178.66,1,-1,-1,-1
72,2,561.34,85.93,80.62,207.88,1,-1,-1,-1
72,3,455.10,95.09,67.28,188.70,1,-1,-1,-1
72,4,617.96,108.85,24.45,154.61,1,-1,-1,-1
72,8,176.36,93.59,45.16,159.55,1,-1,-1,-1
73,1,384.18,94.00,54.42,178.41,1,-1,-1,-1
73,2,563.40,85.19,80.02,208.14,1,-1,-1,-1
73,3,457.38,96.60,65.98,186.65,1,-1,-1,-1
73,4,618.47,108.68,24.21,153.11,1,-1,-1,-1
73,8,176.39,93.59,45.59,159.62,1,-1,-1,-1
74,1,381.88,95.02,54.18,177.46,1,-1,-1,-1
74,2,565.68,85.85,78.83,207.41,1,-1,-1,-1
74,3,460.00,97.36,65.35,185.79,1,-1,-1,-1
74,8,176.84,93.96,45.95,159.37,1,-1,-1,-1
75,1,379.94,96.38,54.10,175.48,1,-1,-1,-1
75,2,568.27,88.21,76.93,205.09,1,-1,-1,-1
75,3,463.26,97.21,64.99,185.57,1,-1,-1,-1
75,8,177.43,94.13,46.63,159.14,1,-1,-1,-1
76,1,377.08,96.32,54.59,175.27,1,-1,-1,-1
76,2,567.89,88.92,76.09,204.27,1,-1,-1,-1
76,3,465.91,97.28,64.77,184.55,1,-1,-1,-1
76,4,571.29,110.54,21.35,133.35,1,-1,-1,-1
76,8,177.57,94.01,47.40,159.16,1,-1,-1,-1
77,1,373.11,96.64,54.64,174.64,1,-1,-1,-1
77,2,569.71,88.80,75.00,203.96,1,-1,-1,-1
77,3,468.51,97.29,64.72,183.30,1,-1,-1,-1
77,4,564.53,110.01,21.93,132.56,1,-1,-1,-1
77,8,178.07,94.06,48.07,159.21,1,-1,-1,-1
77,12,408.72,106.70,32.01,131.78,1,-1,-1,-1
78,1,369.59,97.40,54.60,173.35,1,-1,-1,-1
78,2,574.03,89.35,73.19,203.75,1,-1,-1,-1
78,3,472.07,96.15,65.13,183.01,1,-1,-1,-1
78,4,561.53,109.28,24.60,143.40,1,-1,-1,-1
78,8,178.19,94.01,48.67,159.35,1,-1,-1,-1
78,12,407.95,107.17,32.93,131.67,1,-1,-1,-1
79,1,367.51,98.85,54.38,171.82,1,-1,-1,-1
79,2,576.24,90.47,71.20,202.42,1,-1,-1,-1
79,3,476.62,96.33,65.14,181.99,1,-1,-1,-1
79,4,559.47,108.84,27.41,153.58,1,-1,-1,-1
79,8,178.49,94.28,49.25,159.22,1,-1,-1,-1
79,12,406.85,107.73,33.85,131.68,1,-1,-1,-1
80,1,365.77,97.22,54.79,173.38,1,-1,-1,-1
80,2,578.63,91.59,68.98,200.58,1,-1,-1,-1
80,3,480.21,95.36,65.57,183.46,1,-1,-1,-1
80,4,562.36,105.47,29.64,161.26,1,-1,-1,-1
80,8,179.09,94.78,49.64,158.88,1,-1,-1,-1
80,12,406.49,108.00,34.41,131.67,1,-1,-1,-1
81,1,364.05,95.96,54.85,174.52,1,-1,-1,-1
81,2,580.21,91.35,67.52,200.97,1,-1,-1,-1
81,3,483.46,94.61,66.14,184.66,1,-1,-1,-1
81,4,566.73,110.15,30.57,158.11,1,-1,-1,-1
81,8,179.70,94.84,50.10,158.70,1,-1,-1,-1
81,12,406.08,108.45,35.04,132.01,1,-1,-1,-1
82,1,362.70,95.51,54.37,173.32,1,-1,-1,-1
82,2,581.86,89.83,66.38,202.80,1,-1,-1,-1
82,3,488.08,95.32,65.86,183.39,1,-1,-1,-1
82,4,566.55,113.23,32.14,156.34,1,-1,-1,-1
82,8,180.58,95.22,50.57,158.14,1,-1,-1,-1
82,12,404.94,108.53,35.85,132.52,1,-1,-1,-1
82,19,548.80,109.22,39.55,98.49,1,-1,-1,-1
83,1,360.61,94.75,54.31,173.03,1,-1,-1,-1
83,2,583.59,88.35,64.80,203.30,1,-1,-1,-1
83,3,492.53,96.63,65.45,181.67,1,-1,-1,-1
83,4,566.81,113.93,34.34,157.10,1,-1,-1,-1
83,8,180.90,95.45,51.14,157.96,1,-1,-1,-1
83,12,403.83,108.34,36.43,131.81,1,-1,-1,-1
83,19,547.71,109.33,39.58,98.55,1,-1,-1,-1
84,1,359.33,94.06,54.13,172.61,1,-1,-1,-1
84,2,585.73,88.27,62.74,202.43,1,-1,-1,-1
84,3,496.10,97.73,65.29,180.27,1,-1,-1,-1
84,4,565.69,113.76,36.21,157.69,1,-1,-1,-1
84,8,181.19,95.93,51.61,157.67,1,-1,-1,-1
84,12,402.53,108.24,37.32,132.47,1,-1,-1,-1
85,1,357.85,93.70,53.95,171.92,1,-1,-1,-1
85,2,591.68,98.53,56.53,188.03,1,-1,-1,-1
85,3,497.87,99.13,65.15,178.29,1,-1,-1,-1
85,4,564.53,112.93,37.94,158.07,1,-1,-1,-1
85,8,181.69,96.72,51.96,156.99,1,-1,-1,-1
85,12,401.88,107.86,38.25,133.04,1,-1,-1,-1
86,1,356.07,93.62,54.14,172.20,1,-1,-1,-1
86,2,597.08,102.80,52.30,181.06,1,-1,-1,-1
86,3,499.75,99.99,65.64,177.40,1,-1,-1,-1
86,4,563.78,111.98,39.51,159.12,1,-1,-1,-1
86,8,182.27,97.10,52.40,156.72,1,-1,-1,-1
86,12,401.29,107.65,39.04,133.16,1,-1,-1,-1
87,1,354.07,93.27,54.58,173.01,1,-1,-1,-1
87,2,601.28,103.88,49.30,178.85,1,-1,-1,-1
87,3,500.99,100.98,66.34,176.44,1,-1,-1,-1
87,4,561.13,112.14,39.93,158.26,1,-1,-1,-1
87,8,182.65,97.04,53.06,157.09,1,-1,-1,-1
87,12,401.48,107.45,39.71,133.45,1,-1,-1,-1
88,1,351.61,92.93,55.23,174.60,1,-1,-1,-1
88,2,605.21,104.06,46.50,178.06,1,-1,-1,-1
88,3,502.31,101.66,67.13,175.81,1,-1,-1,-1
88,4,559.05,111.48,40.74,158.95,1,-1,-1,-1
88,8,182.99,96.73,53.64,157.34,1,-1,-1,-1
88,12,400.93,107.18,40.31,133.78,1,-1,-1,-1
89,1,348.17,92.57,55.95,174.43,1,-1,-1,-1
89,2,608.72,105.88,42.93,173.78,1,-1,-1,-1
89,3,505.42,101.07,67.70,176.11,1,-1,-1,-1
89,4,557.14,110.95,41.62,159.92,1,-1,-1,-1
89,8,183.12,96.66,54.10,157.02,1,-1,-1,-1
89,12,399.90,107.11,40.87,133.94,1,-1,-1,-1
90,1,342.78,93.19,56.97,173.31,1,-1,-1,-1
90,2,611.05,107.19,42.32,171.29,1,-1,-1,-1
90,3,509.11,100.31,67.92,176.98,1,-1,-1,-1
90,4,555.23,112.12,40.82,158.73,1,-1,-1,-1
90,8,183.31,95.79,54.72,157.14,1,-1,-1,-1
90,12,399.09,107.44,41.35,133.74,1,-1,-1,-1
91,1,337.79,93.77,58.30,172.44,1,-1,-1,-1
91,3,515.35,99.28,67.49,176.65,1,-1,-1,-1
91,4,555.50,112.44,39.81,158.42,1,-1,-1,-1
91,8,184.49,95.54,55.10,157.66,1,-1,-1,-1
91,12,397.91,107.54,41.77,133.56,1,-1,-1,-1
92,1,334.12,94.61,59.67,171.82,1,-1,-1,-1
92,3,520.71,97.92,67.30,177.08,1,-1,-1,-1
92,4,554.12,112.54,39.87,158.67,1,-1,-1,-1
92,8,185.12,95.46,55.37,157.86,1,-1,-1,-1
92,12,396.73,107.49,42.24,133.22,1,-1,-1,-1
92,22,624.07,114.38,15.10,83.61,1,-1,-1,-1
93,1,330.61,95.74,60.91,170.72,1,-1,-1,-1
93,3,524.50,97.96,67.34,175.28,1,-1,-1,-1
93,8,185.93,95.37,55.70,158.05,1,-1,-1,-1
93,12,395.11,107.41,43.01,133.26,1,-1,-1,-1
93,22,624.60,116.39,14.27,78.99,1,-1,-1,-1
94,1,327.52,95.57,62.21,170.59,1,-1,-1,-1
94,3,526.78,98.28,67.28,176.17,1,-1,-1,-1
94,8,186.35,94.65,55.92,157.86,1,-1,-1,-1
94,12,393.65,107.42,44.01,133.27,1,-1,-1,-1
95,1,327.22,97.07,62.53,169.22,1,-1,-1,-1
95,3,527.34,98.27,67.79,176.41,1,-1,-1,-1
95,8,186.72,94.65,56.24,158.04,1,-1,-1,-1
95,12,390.80,107.51,45.27,133.29,1,-1,-1,-1
96,1,326.61,97.46,62.89,168.64,1,-1,-1,-1
96,3,529.97,98.94,68.27,174.55,1,-1,-1,-1
96,8,186.85,94.61,56.43,157.88,1,-1,-1,-1
96,12,391.16,107.52,46.09,133.92,1,-1,-1,-1
97,1,325.03,97.81,63.21,168.00,1,-1,-1,-1
97,3,538.01,100.36,68.63,173.32,1,-1,-1,-1
97,8,186.97,94.53,56.45,157.08,1,-1,-1,-1
97,12,391.66,107.73,46.72,133.78,1,-1,-1,-1
98,1,323.24,97.09,63.86,168.77,1,-1,-1,-1
98,3,544.44,100.90,69.50,173.32,1,-1,-1,-1
98,8,186.86,94.32,56.65,156.97,1,-1,-1,-1
98,12,390.65,107.90,47.71,134.17,1,-1,-1,-1
99,1,322.67,96.18,64.06,169.08,1,-1,-1,-1
99,3,548.71,102.32,69.28,171.04,1,-1,-1,-1
99,4,515.01,113.96,39.60,152.89,1,-1,-1,-1
99,8,186.84,94.21,56.79,156.71,1,-1,-1,-1
99,12,389.71,108.08,48.54,134.33,1,-1,-1,-1
100,1,321.26,95.75,64.00,169.12,1,-1,-1,-1
100,3,549.65,103.41,69.32,170.01,1,-1,-1,-1
100,4,511.22,113.52,40.83,152.58,1,-1,-1,-1
100,8,186.82,94.44,56.93,156.44,1,-1,-1,-1
100,12,389.07,107.99,49.23,134.31,1,-1,-1,-1
101,1,319.86,94.67,64.22,170.22,1,-1,-1,-1
101,2,538.52,110.82,32.85,139.51,1,-1,-1,-1
101,3,551.10,103.20,69.55,170.61,1,-1,-1,-1
101,4,507.61,112.84,41.93,152.80,1,-1,-1,-1
101,8,186.92,94.91,56.94,155.85,1,-1,-1,-1
101,12,388.44,107.44,49.96,134.69,1,-1,-1,-1
102,1,317.87,94.09,63.90,170.12,1,-1,-1,-1
102,2,536.72,110.41,31.93,136.26,1,-1,-1,-1
102,3,552.34,101.99,69.46,171.10,1,-1,-1,-1
102,4,504.33,112.05,42.85,153.86,1,-1,-1,-1
102,8,186.83,95.22,57.11,155.83,1,-1,-1,-1
102,12,387.92,107.18,50.60,134.79,1,-1,-1,-1
103,1,315.47,93.82,63.44,169.52,1,-1,-1,-1
103,2,536.36,110.39,32.60,137.13,1,-1,-1,-1
103,3,554.84,101.47,68.37,169.89,1,-1,-1,-1
103,4,501.28,111.69,43.58,154.38,1,-1,-1,-1
103,8,186.58,95.11,57.37,156.02,1,-1,-1,-1
103,12,387.89,106.82,51.19,135.22,1,-1,-1,-1
104,1,313.10,94.15,62.97,169.04,1,-1,-1,-1
104,2,535.68,110.46,33.31,135.34,1,-1,-1,-1
104,3,559.45,100.12,67.34,169.78,1,-1,-1,-1
104,4,497.18,111.41,44.22,154.76,1,-1,-1,-1
104,8,186.12,95.14,57.59,156.27,1,-1,-1,-1
104,12,385.90,106.43,52.08,135.76,1,-1,-1,-1
105,1,311.33,93.80,62.41,168.51,1,-1,-1,-1
105,2,535.12,109.92,34.96,136.36,1,-1,-1,-1
105,3,564.47,100.01,66.56,169.87,1,-1,-1,-1
105,4,491.68,110.84,45.60,155.41,1,-1,-1,-1
105,8,185.80,95.16,57.68,155.98,1,-1,-1,-1
105,12,385.15,106.06,52.72,135.96,1,-1,-1,-1
106,1,310.03,93.94,61.72,167.83,1,-1,-1,-1
106,2,533.68,109.22,36.25,136.13,1,-1,-1,-1
106,3,570.69,99.42,65.72,170.32,1,-1,-1,-1
106,4,485.06,111.46,47.30,154.60,1,-1,-1,-1
106,8,185.34,95.37,57.95,156.27,1,-1,-1,-1
106,12,384.93,105.78,53.02,136.20,1,-1,-1,-1
107,1,309.06,93.97,61.20,167.56,1,-1,-1,-1
107,2,531.23,108.39,37.78,137.66,1,-1,-1,-1
107,3,575.18,98.28,65.64,171.31,1,-1,-1,-1
107,4,478.64,112.73,49.38,153.15,1,-1,-1,-1
107,8,185.09,95.32,58.21,156.57,1,-1,-1,-1
107,12,385.25,105.74,53.13,136.46,1,-1,-1,-1
108,1,308.11,93.99,60.77,167.44,1,-1,-1,-1
108,2,528.56,107.29,39.48,139.73,1,-1,-1,-1
108,3,578.71,98.44,64.70,170.60,1,-1,-1,-1
108,4,473.20,113.60,51.93,152.31,1,-1,-1,-1
108,8,184.81,95.35,58.51,157.11,1,-1,-1,-1
108,12,385.23,105.81,53.29,137.10,1,-1,-1,-1
109,1,307.64,94.71,60.13,166.74,1,-1,-1,-1
109,2,526.66,106.58,40.82,141.09,1,-1,-1,-1
109,3,581.04,99.05,63.52,169.52,1,-1,-1,-1
109,4,468.78,112.09,55.18,153.92,1,-1,-1,-1
109,8,184.68,95.25,58.58,157.12,1,-1,-1,-1
109,12,385.15,105.60,53.42,137.66,1,-1,-1,-1
110,1,306.51,94.04,60.16,167.66,1,-1,-1,-1
110,2,524.47,106.47,42.06,141.59,1,-1,-1,-1
110,3,582.54,98.99,62.54,169.35,1,-1,-1,-1
110,4,466.31,114.06,57.21,152.13,1,-1,-1,-1
110,8,184.46,95.02,58.64,157.14,1,-1,-1,-1
110,12,385.42,105.92,53.33,137.78,1,-1,-1,-1
111,1,305.44,94.27,59.89,167.78,1,-1,-1,-1
111,2,522.61,106.34,43.13,141.87,1,-1,-1,-1
111,3,584.47,99.32,61.13,168.39,1,-1,-1,-1
111,4,464.54,115.33,59.31,151.07,1,-1,-1,-1
111,8,184.66,94.87,58.88,157.61,1,-1,-1,-1
111,12,385.48,106.34,53.09,137.12,1,-1,-1,-1
112,1,304.67,94.97,59.43,167.18,1,-1,-1,-1
112,2,520.26,106.89,43.94,141.14,1,-1,-1,-1
112,3,586.61,99.58,59.90,168.45,1,-1,-1,-1
112,4,462.93,116.11,61.22,150.18,1,-1,-1,-1
112,8,184.50,94.89,58.86,157.56,1,-1,-1,-1
112,12,385.55,106.95,53.21,137.13,1,-1,-1,-1
113,1,304.13,96.34,58.82,165.86,1,-1,-1,-1
113,2,517.73,108.30,44.23,139.01,1,-1,-1,-1
113,3,588.78,99.68,58.53,168.66,1,-1,-1,-1
113,4,461.59,115.47,63.16,150.45,1,-1,-1,-1
113,8,184.44,94.68,58.93,157.91,1,-1,-1,-1
113,12,386.20,107.27,53.32,136.81,1,-1,-1,-1
114,1,303.51,97.13,58.28,164.92,1,-1,-1,-1
114,2,514.81,109.31,45.44,139.03,1,-1,-1,-1
114,3,590.63,99.35,57.20,169.30,1,-1,-1,-1
114,4,460.03,115.06,65.06,151.26,1,-1,-1,-1
114,8,185.01,94.64,58.83,157.83,1,-1,-1,-1
114,12,387.12,108.03,53.27,136.26,1,-1,-1,-1
115,1,302.64,97.72,57.82,164.32,1,-1,-1,-1
115,2,512.37,110.32,46.76,139.01,1,-1,-1,-1
115,3,592.62,99.00,55.43,168.79,1,-1,-1,-1
115,4,456.87,114.47,65.85,151.43,1,-1,-1,-1
115,8,185.57,94.66,58.78,157.61,1,-1,-1,-1
115,12,388.21,108.50,53.42,136.50,1,-1,-1,-1
116,1,301.83,97.84,57.31,163.67,1,-1,-1,-1
116,2,510.42,111.11,47.88,138.44,1,-1,-1,-1
116,3,594.73,98.62,53.23,166.79,1,-1,-1,-1
116,4,453.72,114.17,66.03,150.64,1,-1,-1,-1
116,8,186.04,94.55,58.82,157.61,1,-1,-1,-1
116,12,388.59,108.61,54.09,137.07,1,-1,-1,-1
117,1,301.29,97.51,56.94,163.68,1,-1,-1,-1
117,2,508.99,111.38,48.75,138.59,1,-1,-1,-1
117,3,596.65,97.89,51.64,167.09,1,-1,-1,-1
117,4,449.37,113.69,66.30,150.96,1,-1,-1,-1
117,8,186.52,93.95,58.90,157.66,1,-1,-1,-1
117,12,388.65,108.65,54.34,137.17,1,-1,-1,-1
118,1,301.10,96.81,56.26,162.76,1,-1,-1,-1
118,2,507.26,111.11,49.31,139.45,1,-1,-1,-1
118,3,599.00,96.87,49.85,167.35,1,-1,-1,-1
118,4,443.50,112.99,65.96,151.60,1,-1,-1,-1
118,8,187.05,93.60,59.05,157.83,1,-1,-1,-1
118,12,390.01,108.55,54.85,137.55,1,-1,-1,-1
119,1,300.49,96.29,56.25,163.97,1,-1,-1,-1
119,2,505.91,110.79,49.60,139.87,1,-1,-1,-1
119,3,600.80,95.63,48.30,168.53,1,-1,-1,-1
119,4,438.71,112.61,64.69,151.56,1,-1,-1,-1
119,8,188.02,93.09,59.25,158.19,1,-1,-1,-1
119,12,391.64,108.45,55.14,137.83,1,-1,-1,-1
120,1,300.77,95.36,55.20,161.69,1,-1,-1,-1
120,2,504.39,109.84,49.89,140.70,1,-1,-1,-1
120,3,602.54,95.91,46.44,168.51,1,-1,-1,-1
120,4,433.96,112.56,62.85,151.34,1,-1,-1,-1
120,8,188.55,92.83,59.25,158.37,1,-1,-1,-1
120,12,392.25,108.50,54.79,137.80,1,-1,-1,-1
121,1,300.79,94.48,54.42,160.20,1,-1,-1,-1
121,2,503.10,109.19,50.05,141.10,1,-1,-1,-1
121,3,604.31,96.87,44.42,167.57,1,-1,-1,-1
121,4,431.62,112.42,61.36,151.50,1,-1,-1,-1
121,8,189.39,92.83,59.18,158.28,1,-1,-1,-1
121,12,391.96,108.50,54.30,138.07,1,-1,-1,-1
122,1,300.79,93.42,53.92,159.31,1,-1,-1,-1
122,2,501.39,108.62,50.61,142.34,1,-1,-1,-1
122,3,606.61,98.74,42.07,165.53,1,-1,-1,-1
122,4,429.50,112.97,59.86,151.32,1,-1,-1,-1
122,8,190.09,92.79,59.16,158.17,1,-1,-1,-1
122,12,392.29,108.43,53.59,138.09,1,-1,-1,-1
123,1,299.70,92.91,54.58,162.22,1,-1,-1,-1
123,2,499.80,107.67,51.20,143.21,1,-1,-1,-1
123,3,608.62,101.18,39.75,163.15,1,-1,-1,-1
123,4,426.46,113.44,58.49,150.87,1,-1,-1,-1
123,8,191.12,92.98,59.11,158.05,1,-1,-1,-1
123,12,392.65,108.54,52.74,138.34,1,-1,-1,-1
124,1,298.76,92.51,54.65,163.27,1,-1,-1,-1
124,2,498.68,107.26,51.64,143.49,1,-1,-1,-1
124,3,612.31,112.29,35.32,151.41,1,-1,-1,-1
124,4,421.99,114.46,57.80,149.77,1,-1,-1,-1
124,8,191.62,93.16,58.97,157.80,1,-1,-1,-1
124,12,393.11,108.72,52.28,139.66,1,-1,-1,-1
125,1,297.41,92.02,54.62,164.05,1,-1,-1,-1
125,2,497.63,107.78,51.64,142.60,1,-1,-1,-1
125,3,615.64,122.37,31.35,140.60,1,-1,-1,-1
125,4,418.45,114.80,57.82,149.46,1,-1,-1,-1
125,8,192.09,93.23,58.82,157.54,1,-1,-1,-1
125,12,394.19,109.49,50.58,138.46,1,-1,-1,-1
126,1,296.10,91.89,54.57,164.85,1,-1,-1,-1
126,2,495.13,108.10,52.10,143.09,1,-1,-1,-1
126,3,618.26,127.17,28.78,135.81,1,-1,-1,-1
126,4,416.23,115.84,57.71,148.12,1,-1,-1,-1
126,8,192.54,93.07,58.71,157.34,1,-1,-1,-1
126,12,394.49,109.65,49.44,137.96,1,-1,-1,-1
127,1,295.23,92.23,54.54,165.22,1,-1,-1,-1
127,2,491.40,108.55,52.92,143.81,1,-1,-1,-1
127,3,620.49,129.02,26.59,132.57,1,-1,-1,-1
127,4,414.65,116.53,57.87,146.98,1,-1,-1,-1
127,8,192.95,92.89,58.67,157.25,1,-1,-1,-1
127,12,394.51,109.79,48.04,136.48,1,-1,-1,-1
128,1,293.17,92.59,54.68,164.78,1,-1,-1,-1
128,2,488.33,109.07,53.47,143.54,1,-1,-1,-1
128,3,622.51,131.59,24.49,129.40,1,-1,-1,-1
128,4,412.54,116.71,58.68,146.77,1,-1,-1,-1
128,8,192.95,92.93,58.53,156.98,1,-1,-1,-1
128,12,395.38,110.67,45.27,130.51,1,-1,-1,-1
129,1,289.56,92.58,55.48,164.37,1,-1,-1,-1
129,2,486.49,110.00,53.71,142.51,1,-1,-1,-1
129,3,624.18,134.32,23.88,126.19,1,-1,-1,-1
129,4,408.80,115.85,60.14,147.61,1,-1,-1,-1
129,8,193.01,92.93,58.37,156.61,1,-1,-1,-1
129,12,397.67,110.11,40.52,116.51,1,-1,-1,-1
130,1,286.29,92.50,56.70,164.34,1,-1,-1,-1
130,2,484.25,110.61,54.36,142.25,1,-1,-1,-1
130,4,407.77,116.58,60.40,146.66,1,-1,-1,-1
130,8,193.20,92.98,58.11,155.99,1,-1,-1,-1
130,12,399.58,110.18,36.41,103.49,1,-1,-1,-1
131,1,282.47,92.66,58.19,164.04,1,-1,-1,-1
131,2,481.41,111.15,55.04,142.37,1,-1,-1,-1
131,4,404.75,116.41,60.51,146.48,1,-1,-1,-1
131,8,193.14,93.12,57.90,155.54,1,-1,-1,-1
131,12,400.26,110.32,35.10,99.77,1,-1,-1,-1
132,1,278.89,92.86,59.65,163.67,1,-1,-1,-1
132,2,478.93,111.59,55.44,142.26,1,-1,-1,-1
132,4,402.28,115.40,59.96,146.55,1,-1,-1,-1
132,8,193.15,93.15,57.64,155.00,1,-1,-1,-1
133,1,277.34,93.44,60.73,162.88,1,-1,-1,-1
133,2,477.07,112.15,55.48,141.50,1,-1,-1,-1
133,4,398.12,113.12,59.65,147.89,1,-1,-1,-1
133,8,192.89,92.68,57.54,155.11,1,-1,-1,-1
133,24,2.14,74.55,38.10,228.50,1,-1,-1,-1
134,1,275.61,93.75,61.62,162.62,1,-1,-1,-1
134,2,474.57,111.27,56.34,142.97,1,-1,-1,-1
134,4,395.42,111.52,59.27,149.31,1,-1,-1,-1
134,8,192.62,92.72,57.54,155.47,1,-1,-1,-1
134,24,4.04,74.80,38.21,227.12,1,-1,-1,-1
134,25,5.02,75.19,36.42,133.29,1,-1,-1,-1
135,1,274.19,94.54,62.19,161.97,1,-1,-1,-1
135,2,471.96,110.81,56.74,143.54,1,-1,-1,-1
135,4,394.22,109.96,58.94,150.82,1,-1,-1,-1
135,8,192.26,92.49,57.35,155.62,1,-1,-1,-1
135,24,5.22,74.98,38.32,227.82,1,-1,-1,-1
135,25,6.41,75.82,36.07,131.99,1,-1,-1,-1
136,1,272.54,94.97,62.64,161.39,1,-1,-1,-1
136,2,469.44,110.89,57.07,143.23,1,-1,-1,-1
136,4,394.59,108.84,58.89,151.68,1,-1,-1,-1
136,8,191.94,92.49,57.06,155.41,1,-1,-1,-1
136,24,11.14,112.53,31.14,176.80,1,-1,-1,-1
137,1,271.08,94.34,63.07,161.82,1,-1,-1,-1
137,2,467.26,110.85,57.47,143.22,1,-1,-1,-1
137,4,393.72,108.18,58.95,152.01,1,-1,-1,-1
137,8,191.32,92.68,56.82,155.22,1,-1,-1,-1
137,24,11.71,117.21,31.51,171.32,1,-1,-1,-1
138,1,270.05,94.61,63.10,161.36,1,-1,-1,-1
138,2,465.04,110.68,57.93,143.41,1,-1,-1,-1
138,4,392.95,107.88,59.34,152.16,1,-1,-1,-1
138,8,190.66,92.80,56.53,155.02,1,-1,-1,-1
138,24,11.51,117.24,32.53,169.36,1,-1,-1,-1
139,1,269.71,95.69,62.77,160.26,1,-1,-1,-1
139,2,462.04,110.86,57.38,143.23,1,-1,-1,-1
139,4,389.79,108.20,60.02,151.17,1,-1,-1,-1
139,8,190.21,92.85,56.36,155.00,1,-1,-1,-1
139,24,10.77,117.04,34.07,170.80,1,-1,-1,-1
140,1,270.00,96.03,62.54,159.86,1,-1,-1,-1
140,2,459.03,111.09,57.00,144.47,1,-1,-1,-1
140,4,382.13,111.25,59.75,148.70,1,-1,-1,-1
140,8,189.84,92.77,56.20,155.07,1,-1,-1,-1
140,12,416.75,110.82,46.56,141.08,1,-1,-1,-1
140,24,11.40,114.06,35.45,173.84,1,-1,-1,-1
141,1,271.34,101.24,60.47,154.51,1,-1,-1,-1
141,2,457.49,111.60,55.97,144.75,1,-1,-1,-1
141,4,376.15,112.65,60.32,147.74,1,-1,-1,-1
141,8,189.16,92.43,56.12,155.29,1,-1,-1,-1
141,12,418.93,111.03,44.21,142.80,1,-1,-1,-1
141,24,11.78,110.75,36.61,177.15,1,-1,-1,-1
142,1,270.61,98.57,61.14,156.91,1,-1,-1,-1
142,2,456.99,112.30,54.62,143.87,1,-1,-1,-1
142,4,370.08,113.90,60.39,146.31,1,-1,-1,-1
142,8,188.44,91.96,56.07,155.78,1,-1,-1,-1
142,12,416.99,109.96,43.90,145.37,1,-1,-1,-1
142,24,15.18,110.61,36.99,177.14,1,-1,-1,-1
143,1,268.40,96.03,61.91,159.19,1,-1,-1,-1
143,2,457.16,112.91,53.54,143.21,1,-1,-1,-1
143,4,366.81,115.03,60.58,145.25,1,-1,-1,-1
143,8,187.54,91.54,55.97,156.16,1,-1,-1,-1
143,12,416.03,110.00,43.23,145.00,1,-1,-1,-1
143,24,19.26,112.19,36.85,172.51,1,-1,-1,-1
144,1,265.95,94.98,62.08,160.13,1,-1,-1,-1
144,2,458.90,113.15,53.32,142.74,1,-1,-1,-1
144,4,365.85,116.07,60.71,144.29,1,-1,-1,-1
144,8,186.97,91.93,55.61,155.73,1,-1,-1,-1
144,12,415.24,110.40,42.87,144.77,1,-1,-1,-1
144,24,23.10,113.54,37.25,170.54,1,-1,-1,-1
145,1,265.04,95.59,61.47,159.03,1,-1,-1,-1
145,2,459.59,113.43,53.30,142.74,1,-1,-1,-1
145,4,365.19,116.66,60.84,143.63,1,-1,-1,-1
145,8,186.46,92.30,55.30,155.21,1,-1,-1,-1
145,12,414.15,110.91,42.88,144.66,1,-1,-1,-1
145,24,31.05,113.89,40.11,171.88,1,-1,-1,-1
146,1,263.80,93.86,61.67,160.37,1,-1,-1,-1
146,2,459.93,113.60,53.57,142.96,1,-1,-1,-1
146,4,364.44,115.73,61.47,144.47,1,-1,-1,-1
146,8,185.98,92.33,55.20,155.22,1,-1,-1,-1
146,12,413.51,110.90,43.38,145.47,1,-1,-1,-1
146,24,37.21,115.01,43.01,172.09,1,-1,-1,-1
147,1,261.87,92.86,61.36,161.02,1,-1,-1,-1
147,2,459.64,113.55,53.69,142.84,1,-1,-1,-1
147,4,363.59,114.80,61.97,145.37,1,-1,-1,-1
147,8,185.49,92.23,55.07,155.25,1,-1,-1,-1
147,12,413.08,111.17,44.11,145.76,1,-1,-1,-1
147,24,37.84,114.74,46.91,173.15,1,-1,-1,-1
148,1,260.38,92.51,60.86,161.44,1,-1,-1,-1
148,2,458.59,113.46,53.76,143.42,1,-1,-1,-1
148,4,362.58,114.62,61.80,145.20,1,-1,-1,-1
148,8,185.15,91.78,55.08,155.54,1,-1,-1,-1
148,12,412.47,111.61,44.60,145.67,1,-1,-1,-1
148,24,38.64,115.49,50.60,172.66,1,-1,-1,-1
149,1,259.54,92.48,60.17,161.50,1,-1,-1,-1
149,2,457.32,113.22,54.13,144.23,1,-1,-1,-1
149,4,361.75,114.36,61.65,145.19,1,-1,-1,-1
149,8,184.96,91.13,55.18,156.24,1,-1,-1,-1
149,12,411.49,112.16,45.02,145.21,1,-1,-1,-1
149,24,37.85,115.89,54.24,173.05,1,-1,-1,-1
150,1,258.92,91.73,59.69,162.03,1,-1,-1,-1
150,2,456.30,112.52,54.36,144.52,1,-1,-1,-1
150,4,360.24,114.00,60.47,143.33,1,-1,-1,-1
150,8,184.45,89.02,55.68,158.18,1,-1,-1,-1
150,12,411.02,112.35,45.26,144.54,1,-1,-1,-1
150,24,39.47,115.26,57.36,174.33,1,-1,-1,-1
151,1,258.49,91.56,58.88,161.66,1,-1,-1,-1
151,2,455.36,111.90,54.55,144.79,1,-1,-1,-1
151,4,357.63,113.39,59.38,142.54,1,-1,-1,-1
151,8,184.70,90.16,55.12,156.83,1,-1,-1,-1
151,12,410.37,112.52,45.57,143.90,1,-1,-1,-1
151,24,41.42,115.06,59.17,173.14,1,-1,-1,-1
152,1,257.85,91.63,58.34,161.78,1,-1,-1,-1
152,2,452.19,110.88,54.22,146.23,1,-1,-1,-1
152,4,354.07,112.47,58.59,143.07,1,-1,-1,-1
152,8,184.35,89.39,55.33,157.80,1,-1,-1,-1
152,12,410.17,112.53,45.93,143.95,1,-1,-1,-1
152,24,41.08,114.40,61.44,174.28,1,-1,-1,-1
153,1,257.24,91.38,57.87,161.88,1,-1,-1,-1
153,2,452.28,110.35,54.39,146.90,1,-1,-1,-1
153,4,351.66,112.23,57.51,143.03,1,-1,-1,-1
153,8,184.23,89.11,55.30,158.11,1,-1,-1,-1
153,12,410.04,112.46,46.22,144.21,1,-1,-1,-1
153,24,44.12,113.71,61.88,172.84,1,-1,-1,-1
154,1,256.74,91.43,57.41,162.08,1,-1,-1,-1
154,2,451.95,110.02,54.27,146.76,1,-1,-1,-1
154,4,349.24,112.12,56.35,142.77,1,-1,-1,-1
154,8,184.32,89.67,54.94,157.37,1,-1,-1,-1
154,12,409.64,112.31,46.12,144.41,1,-1,-1,-1
154,24,48.63,112.72,61.75,171.93,1,-1,-1,-1
154,25,-8.92,70.95,52.11,206.43,1,-1,-1,-1
155,1,256.59,91.60,56.99,162.37,1,-1,-1,-1
155,2,448.31,109.80,53.34,147.22,1,-1,-1,-1
155,4,347.30,112.05,55.41,143.09,1,-1,-1,-1
155,8,184.51,90.72,54.51,156.17,1,-1,-1,-1
155,12,409.52,112.09,45.71,143.98,1,-1,-1,-1
155,24,55.21,111.60,61.17,171.96,1,-1,-1,-1
155,25,-9.65,70.75,53.02,210.00,1,-1,-1,-1
156,1,256.72,91.68,56.43,162.36,1,-1,-1,-1
156,2,445.84,109.71,52.64,148.06,1,-1,-1,-1
156,4,345.63,111.99,54.50,143.19,1,-1,-1,-1
156,8,184.56,89.50,54.80,157.32,1,-1,-1,-1
156,12,409.45,112.19,45.22,143.71,1,-1,-1,-1
156,24,63.41,111.29,60.43,172.33,1,-1,-1,-1
156,25,-7.36,73.65,49.27,206.85,1,-1,-1,-1
157,1,256.61,91.96,55.88,162.22,1,-1,-1,-1
157,2,446.21,110.09,52.03,147.70,1,-1,-1,-1
157,4,344.29,112.07,53.63,143.18,1,-1,-1,-1
157,8,184.68,89.38,54.78,157.45,1,-1,-1,-1
157,12,408.72,112.17,45.21,144.44,1,-1,-1,-1
157,24,70.36,110.97,59.54,172.43,1,-1,-1,-1
157,25,-7.99,73.61,50.03,210.07,1,-1,-1,-1
158,1,256.47,91.94,55.42,162.40,1,-1,-1,-1
158,2,446.96,110.77,51.79,147.91,1,-1,-1,-1
158,4,343.52,112.47,52.72,143.17,1,-1,-1,-1
158,8,184.86,89.15,54.78,157.66,1,-1,-1,-1
158,12,407.40,112.41,45.18,144.10,1,-1,-1,-1
158,24,75.65,110.98,58.78,172.81,1,-1,-1,-1
159,1,256.65,92.76,54.63,161.47,1,-1,-1,-1
159,2,447.99,110.84,52.19,148.74,1,-1,-1,-1
159,4,342.12,113.00,51.84,142.49,1,-1,-1,-1
159,8,185.19,89.74,54.57,157.13,1,-1,-1,-1
159,12,405.88,112.85,45.33,144.06,1,-1,-1,-1
159,24,81.32,111.11,58.39,172.63,1,-1,-1,-1
160,1,256.88,92.84,54.10,161.38,1,-1,-1,-1
160,2,447.54,111.63,52.21,148.57,1,-1,-1,-1
160,4,340.95,113.66,50.98,141.70,1,-1,-1,-1
160,8,185.41,89.86,54.50,157.08,1,-1,-1,-1
160,12,404.40,113.31,45.58,144.27,1,-1,-1,-1
160,24,88.86,112.09,58.78,171.63,1,-1,-1,-1
161,1,257.29,92.74,53.52,161.39,1,-1,-1,-1
161,2,447.59,111.32,52.71,148.38,1,-1,-1,-1
161,4,339.73,114.54,50.16,140.80,1,-1,-1,-1
161,8,185.50,90.02,54.45,157.12,1,-1,-1,-1
161,12,402.80,114.04,45.88,144.24,1,-1,-1,-1
161,24,95.04,112.92,60.18,170.94,1,-1,-1,-1
162,1,257.64,92.35,52.92,161.35,1,-1,-1,-1
162,2,444.31,110.92,52.81,148.65,1,-1,-1,-1
162,4,338.61,115.12,49.45,139.88,1,-1,-1,-1
162,8,185.60,90.03,54.32,156.99,1,-1,-1,-1
162,12,401.74,114.43,46.22,144.08,1,-1,-1,-1
162,24,98.74,113.58,62.04,170.16,1,-1,-1,-1
163,1,258.19,92.04,52.38,161.39,1,-1,-1,-1
163,2,440.83,110.80,53.03,149.54,1,-1,-1,-1
163,4,337.11,115.30,49.09,139.61,1,-1,-1,-1
163,8,185.67,90.14,54.23,156.86,1,-1,-1,-1
163,12,400.96,114.65,46.79,144.28,1,-1,-1,-1
163,24,101.20,115.13,64.13,168.45,1,-1,-1,-1
164,1,258.49,91.18,52.05,161.95,1,-1,-1,-1
164,2,438.23,110.29,53.46,150.27,1,-1,-1,-1
164,4,335.97,115.01,49.12,140.17,1,-1,-1,-1
164,8,185.91,91.05,53.89,155.89,1,-1,-1,-1
164,12,399.76,114.18,47.34,145.22,1,-1,-1,-1
164,24,101.62,115.77,66.26,167.62,1,-1,-1,-1
165,1,258.89,90.39,51.64,162.09,1,-1,-1,-1
165,2,436.62,109.73,53.98,150.92,1,-1,-1,-1
165,4,334.74,114.38,49.22,140.89,1,-1,-1,-1
165,8,186.00,91.17,53.83,155.95,1,-1,-1,-1
165,12,398.63,113.46,48.09,146.39,1,-1,-1,-1
165,24,101.32,115.36,68.62,168.05,1,-1,-1,-1
166,1,259.11,89.44,51.25,162.06,1,-1,-1,-1
166,2,435.50,108.81,54.81,152.08,1,-1,-1,-1
166,4,333.36,113.95,49.15,141.42,1,-1,-1,-1
166,8,186.13,91.79,53.59,155.13,1,-1,-1,-1
166,12,396.85,112.99,48.52,146.79,1,-1,-1,-1
166,24,100.59,115.12,70.63,168.00,1,-1,-1,-1
167,1,259.43,89.06,50.60,160.97,1,-1,-1,-1
167,2,433.96,107.99,55.42,152.91,1,-1,-1,-1
167,4,332.34,113.22,49.03,141.99,1,-1,-1,-1
167,8,185.87,89.64,54.20,157.29,1,-1,-1,-1
167,12,395.00,112.59,48.74,146.67,1,-1,-1,-1
167,24,101.62,114.03,72.28,168.86,1,-1,-1,-1
168,1,259.36,87.95,50.43,161.51,1,-1,-1,-1
168,2,433.24,107.81,55.95,153.25,1,-1,-1,-1
168,4,331.39,111.99,48.54,141.09,1,-1,-1,-1
168,8,185.82,89.12,54.36,157.95,1,-1,-1,-1
168,12,392.38,111.43,49.03,147.53,1,-1,-1,-1
168,24,103.92,112.54,73.43,169.97,1,-1,-1,-1
169,1,259.14,87.42,50.04,161.18,1,-1,-1,-1
169,2,432.24,107.88,56.64,153.81,1,-1,-1,-1
169,4,330.65,111.49,47.90,139.43,1,-1,-1,-1
169,8,185.93,88.43,54.48,158.70,1,-1,-1,-1
169,12,389.48,110.46,49.28,148.72,1,-1,-1,-1
169,24,107.67,111.68,73.23,168.80,1,-1,-1,-1
170,1,258.94,87.24,49.80,161.20,1,-1,-1,-1
170,2,431.13,108.13,56.68,153.52,1,-1,-1,-1
170,4,329.63,110.95,47.72,138.98,1,-1,-1,-1
170,8,186.01,89.98,53.91,157.07,1,-1,-1,-1
170,12,386.51,109.93,49.33,149.83,1,-1,-1,-1
170,24,112.31,110.24,72.57,168.34,1,-1,-1,-1
171,1,258.54,87.19,49.74,161.49,1,-1,-1,-1
171,2,428.75,109.10,56.64,153.76,1,-1,-1,-1
171,4,328.02,110.45,48.00,139.35,1,-1,-1,-1
171,8,186.07,89.75,53.91,157.12,1,-1,-1,-1
171,12,384.27,109.83,49.15,150.44,1,-1,-1,-1
171,24,117.48,109.06,71.69,168.57,1,-1,-1,-1
172,1,258.04,87.19,49.57,161.30,1,-1,-1,-1
172,2,426.74,109.25,56.80,153.57,1,-1,-1,-1
172,4,327.10,110.33,48.00,139.21,1,-1,-1,-1
172,8,186.20,89.34,53.96,157.53,1,-1,-1,-1
172,12,383.08,110.00,48.82,150.43,1,-1,-1,-1
172,24,123.58,108.11,70.01,168.99,1,-1,-1,-1
173,1,257.10,87.20,49.61,161.57,1,-1,-1,-1
173,2,424.63,109.84,56.74,152.76,1,-1,-1,-1
173,4,325.89,109.95,48.23,139.57,1,-1,-1,-1
173,8,186.42,89.55,53.81,157.30,1,-1,-1,-1
173,12,382.27,110.81,48.07,148.92,1,-1,-1,-1
173,24,129.61,106.46,68.59,170.68,1,-1,-1,-1
174,1,256.17,87.06,49.57,161.74,1,-1,-1,-1
174,2,424.75,110.13,57.16,153.68,1,-1,-1,-1
174,4,325.36,109.69,48.31,139.74,1,-1,-1,-1
174,8,186.54,90.58,53.46,156.21,1,-1,-1,-1
174,12,381.72,111.50,47.61,148.39,1,-1,-1,-1
174,24,135.19,106.11,66.72,170.91,1,-1,-1,-1
175,1,255.48,86.80,49.53,161.85,1,-1,-1,-1
175,2,424.55,110.54,57.22,153.33,1,-1,-1,-1
175,4,324.39,109.08,48.49,140.26,1,-1,-1,-1
175,8,187.20,90.79,53.28,156.19,1,-1,-1,-1
175,12,381.03,111.98,47.57,148.89,1,-1,-1,-1
175,24,140.16,106.99,64.64,169.75,1,-1,-1,-1
176,1,255.03,86.96,49.43,161.86,1,-1,-1,-1
176,2,422.88,110.38,57.47,154.07,1,-1,-1,-1
176,4,322.52,108.36,48.90,140.94,1,-1,-1,-1
176,8,187.20,89.86,53.44,157.20,1,-1,-1,-1
176,12,379.66,112.67,47.43,148.49,1,-1,-1,-1
176,24,143.72,107.84,63.05,169.10,1,-1,-1,-1
177,1,254.70,87.02,49.19,161.73,1,-1,-1,-1
177,2,422.27,109.75,57.82,155.16,1,-1,-1,-1
177,4,320.39,108.47,49.21,140.74,1,-1,-1,-1
177,8,189.10,90.74,52.49,155.89,1,-1,-1,-1
177,12,377.87,113.13,47.66,148.94,1,-1,-1,-1
177,24,147.69,108.89,62.32,168.40,1,-1,-1,-1
178,1,254.46,86.96,48.98,161.65,1,-1,-1,-1
178,2,420.98,109.09,57.88,156.02,1,-1,-1,-1
178,4,319.11,109.49,49.15,139.39,1,-1,-1,-1
178,8,191.01,89.82,52.09,157.28,1,-1,-1,-1
178,12,375.87,113.25,48.04,149.41,1,-1,-1,-1
178,24,150.68,109.98,62.44,167.11,1,-1,-1,-1
179,1,254.59,87.65,48.61,160.91,1,-1,-1,-1
179,2,419.26,108.35,57.93,156.71,1,-1,-1,-1
179,4,317.70,109.74,49.16,138.70,1,-1,-1,-1
179,8,193.14,89.25,51.24,158.08,1,-1,-1,-1
179,12,373.23,113.40,48.29,149.36,1,-1,-1,-1
179,24,152.73,112.69,62.30,163.61,1,-1,-1,-1
