3,1,400.69,179.61,145.34,236.24,1,-1,-1,-1
3,2,265.94,203.62,109.60,182.51,1,-1,-1,-1
3,3,71.79,145.18,104.14,294.42,1,-1,-1,-1
3,4,214.66,200.02,52.01,141.07,1,-1,-1,-1
3,5,160.86,207.21,60.62,153.84,1,-1,-1,-1
4,1,403.24,180.11,146.04,237.59,1,-1,-1,-1
4,2,255.49,199.04,111.01,186.32,1,-1,-1,-1
4,3,84.03,146.67,104.84,293.03,1,-1,-1,-1
4,4,213.25,202.28,52.11,141.54,1,-1,-1,-1
4,5,164.82,204.11,60.97,155.13,1,-1,-1,-1
5,1,405.57,177.46,148.00,241.34,1,-1,-1,-1
5,2,242.15,194.54,110.28,188.33,1,-1,-1,-1
5,3,93.60,151.31,106.16,290.51,1,-1,-1,-1
5,4,212.98,205.21,52.50,142.60,1,-1,-1,-1
5,5,166.19,206.10,60.28,153.84,1,-1,-1,-1
6,1,411.37,175.61,147.13,241.78,1,-1,-1,-1
6,2,234.21,191.56,109.46,190.99,1,-1,-1,-1
6,3,99.07,157.96,106.61,283.92,1,-1,-1,-1
6,4,204.19,203.95,53.73,145.77,1,-1,-1,-1
6,5,169.44,200.97,60.55,155.56,1,-1,-1,-1
7,1,421.83,174.49,144.93,242.04,1,-1,-1,-1
7,2,226.05,192.33,106.14,188.45,1,-1,-1,-1
7,3,101.32,159.59,109.31,283.19,1,-1,-1,-1
7,4,201.90,205.66,52.95,143.88,1,-1,-1,-1
7,5,176.19,199.68,59.56,154.71,1,-1,-1,-1
8,1,432.25,172.15,142.04,243.38,1,-1,-1,-1
8,2,220.58,190.48,106.19,193.75,1,-1,-1,-1
8,3,103.73,163.37,110.37,277.34,1,-1,-1,-1
8,4,202.00,211.97,49.96,135.98,1,-1,-1,-1
8,5,183.03,205.30,55.19,144.30,1,-1,-1,-1
9,1,441.27,168.53,140.74,249.43,1,-1,-1,-1
9,2,218.07,189.51,104.53,194.95,1,-1,-1,-1
9,3,108.16,170.74,110.40,269.03,1,-1,-1,-1
9,4,211.76,203.34,56.64,155.42,1,-1,-1,-1
9,5,186.86,204.99,54.59,142.75,1,-1,-1,-1
10,1,453.34,169.79,134.98,248.33,1,-1,-1,-1
10,2,212.38,190.43,104.56,198.74,1,-1,-1,-1
10,3,115.69,168.31,113.62,271.97,1,-1,-1,-1
10,4,212.59,202.97,57.57,157.98,1,-1,-1,-1
11,1,462.46,165.30,134.24,255.22,1,-1,-1,-1
11,2,213.07,192.43,103.74,199.59,1,-1,-1,-1
11,3,122.74,162.85,115.28,275.43,1,-1,-1,-1
12,1,475.72,165.59,132.28,256.71,1,-1,-1,-1
12,2,218.24,196.90,98.41,191.08,1,-1,-1,-1
12,3,132.63,152.97,118.57,285.18,1,-1,-1,-1
13,1,491.63,165.36,131.68,256.30,1,-1,-1,-1
13,2,203.82,188.26,92.94,185.89,1,-1,-1,-1
13,3,144.56,146.08,118.53,290.75,1,-1,-1,-1
13,4,253.68,205.81,58.44,160.14,1,-1,-1,-1
14,1,503.24,165.18,132.52,257.05,1,-1,-1,-1
14,2,197.65,187.09,92.68,185.39,1,-1,-1,-1
14,3,162.06,145.71,119.89,293.89,1,-1,-1,-1
14,4,264.83,207.26,55.28,151.21,1,-1,-1,-1
15,1,507.12,167.57,131.45,253.62,1,-1,-1,-1
15,3,174.23,147.12,118.05,290.04,1,-1,-1,-1
15,4,269.90,206.60,54.21,148.00,1,-1,-1,-1
16,1,509.69,169.93,131.94,254.15,1,-1,-1,-1
16,3,178.50,144.91,118.15,293.12,1,-1,-1,-1
16,4,279.54,206.23,51.92,140.36,1,-1,-1,-1
17,1,512.25,174.14,129.84,249.48,1,-1,-1,-1
17,3,183.16,146.72,116.83,291.98,1,-1,-1,-1
17,4,285.83,202.19,51.80,142.42,1,-1,-1,-1
18,1,513.31,175.71,129.48,248.66,1,-1,-1,-1
18,2,157.84,206.61,80.41,168.88,1,-1,-1,-1
18,3,192.62,152.70,117.58,291.51,1,-1,-1,-1
18,4,289.90,198.47,52.25,146.71,1,-1,-1,-1
19,1,516.66,174.17,129.27,250.06,1,-1,-1,-1
19,2,154.97,194.92,81.17,177.96,1,-1,-1,-1
19,3,201.32,154.21,119.87,291.48,1,-1,-1,-1
19,4,294.47,198.33,52.12,147.62,1,-1,-1,-1
20,1,522.02,172.50,127.24,249.44,1,-1,-1,-1
20,2,153.52,191.11,80.62,182.59,1,-1,-1,-1
20,3,204.54,158.06,118.93,287.27,1,-1,-1,-1
20,4,300.34,197.81,53.32,148.19,1,-1,-1,-1
21,1,530.61,169.71,125.08,251.94,1,-1,-1,-1
21,2,148.99,187.24,80.06,185.52,1,-1,-1,-1
21,3,215.37,160.69,123.49,290.57,1,-1,-1,-1
21,4,306.11,199.45,55.18,149.27,1,-1,-1,-1
22,1,538.37,166.30,121.31,252.65,1,-1,-1,-1
22,2,142.08,185.98,81.78,192.57,1,-1,-1,-1
22,3,221.74,161.03,127.81,292.37,1,-1,-1,-1
22,4,308.81,196.46,59.37,159.59,1,-1,-1,-1
22,5,208.60,196.71,60.43,162.11,1,-1,-1,-1
22,14,-22.66,179.75,72.03,233.76,1,-1,-1,-1
23,1,546.70,162.02,118.35,257.97,1,-1,-1,-1
23,2,137.99,184.53,81.68,196.37,1,-1,-1,-1
23,3,224.14,161.75,130.90,293.87,1,-1,-1,-1
23,4,314.17,195.68,59.96,161.16,1,-1,-1,-1
23,5,209.08,193.35,62.49,171.00,1,-1,-1,-1
23,14,-19.96,174.52,74.74,246.72,1,-1,-1,-1
24,1,557.96,157.62,114.13,264.12,1,-1,-1,-1
24,2,130.95,184.60,84.37,201.48,1,-1,-1,-1
24,3,232.78,164.15,130.86,292.44,1,-1,-1,-1
24,5,213.14,193.71,62.19,173.22,1,-1,-1,-1
24,14,-16.85,170.74,76.03,255.40,1,-1,-1,-1
25,1,567.38,153.92,107.93,266.73,1,-1,-1,-1
25,2,118.58,182.28,89.11,205.38,1,-1,-1,-1
25,3,242.39,160.25,132.32,297.73,1,-1,-1,-1
25,5,215.74,191.45,63.01,176.25,1,-1,-1,-1
25,14,-14.01,169.43,75.81,259.12,1,-1,-1,-1
25,18,237.27,185.54,84.49,176.44,1,-1,-1,-1
26,1,574.64,153.34,101.68,269.37,1,-1,-1,-1
26,2,107.06,183.58,92.64,204.31,1,-1,-1,-1
26,3,257.11,160.26,128.34,295.23,1,-1,-1,-1
26,5,222.04,190.13,64.62,178.96,1,-1,-1,-1
26,14,-11.18,169.00,74.29,258.01,1,-1,-1,-1
26,18,238.08,189.74,81.91,172.98,1,-1,-1,-1
27,1,580.68,159.92,94.33,268.07,1,-1,-1,-1
27,2,99.02,185.68,95.70,202.08,1,-1,-1,-1
27,3,270.41,156.46,126.26,298.00,1,-1,-1,-1
27,5,230.22,197.13,64.16,170.51,1,-1,-1,-1
27,14,-8.96,167.43,72.75,256.62,1,-1,-1,-1
27,18,241.84,192.28,79.57,168.03,1,-1,-1,-1
28,1,586.58,160.46,87.50,267.88,1,-1,-1,-1
28,2,94.30,185.17,99.40,202.94,1,-1,-1,-1
28,3,278.49,152.27,124.87,302.38,1,-1,-1,-1
28,5,238.68,218.67,58.49,147.06,1,-1,-1,-1
28,14,-6.62,166.30,71.46,254.86,1,-1,-1,-1
29,1,591.71,159.83,87.94,269.22,1,-1,-1,-1
29,2,88.40,187.11,102.47,202.05,1,-1,-1,-1
29,3,287.52,151.38,122.06,302.72,1,-1,-1,-1
29,5,241.64,204.89,64.37,159.70,1,-1,-1,-1
29,14,-2.14,169.00,70.13,250.87,1,-1,-1,-1
30,2,83.23,186.23,104.38,201.22,1,-1,-1,-1
30,3,296.35,151.67,118.68,299.68,1,-1,-1,-1
30,5,244.85,205.87,64.79,158.04,1,-1,-1,-1
30,14,2.53,173.83,69.91,247.53,1,-1,-1,-1
31,2,79.66,183.75,106.32,203.73,1,-1,-1,-1
31,3,306.50,150.32,119.89,305.80,1,-1,-1,-1
31,5,247.54,204.20,65.90,158.98,1,-1,-1,-1
31,14,5.96,178.21,70.19,244.68,1,-1,-1,-1
32,2,74.35,185.47,107.34,205.78,1,-1,-1,-1
32,3,317.14,149.10,120.90,305.76,1,-1,-1,-1
32,5,251.56,199.24,68.95,163.67,1,-1,-1,-1
32,14,10.81,179.71,70.47,241.10,1,-1,-1,-1
33,2,63.04,182.80,109.55,211.20,1,-1,-1,-1
33,3,325.00,149.43,123.43,306.42,1,-1,-1,-1
33,5,255.05,196.62,71.52,167.46,1,-1,-1,-1
33,14,15.82,177.99,72.43,239.71,1,-1,-1,-1
34,2,56.56,182.20,110.37,212.76,1,-1,-1,-1
34,3,329.70,149.71,126.21,305.47,1,-1,-1,-1
34,5,260.56,196.58,72.62,168.13,1,-1,-1,-1
34,14,30.12,176.48,79.27,242.01,1,-1,-1,-1
35,3,333.49,152.08,129.35,303.70,1,-1,-1,-1
35,5,266.48,198.31,72.31,164.80,1,-1,-1,-1
35,14,33.72,178.21,84.23,240.85,1,-1,-1,-1
36,3,338.64,154.76,131.80,302.01,1,-1,-1,-1
36,5,270.93,197.92,74.41,167.09,1,-1,-1,-1
36,14,33.63,176.96,88.97,240.73,1,-1,-1,-1
37,3,342.08,158.57,132.66,299.44,1,-1,-1,-1
37,5,275.43,192.32,77.24,174.35,1,-1,-1,-1
37,14,33.98,177.75,93.84,241.52,1,-1,-1,-1
38,3,350.24,158.83,133.66,301.07,1,-1,-1,-1
38,5,279.48,192.25,77.37,175.76,1,-1,-1,-1
38,14,32.99,174.08,97.48,245.20,1,-1,-1,-1
39,2,19.67,179.06,77.67,156.86,1,-1,-1,-1
39,3,358.68,152.39,134.06,304.99,1,-1,-1,-1
39,5,286.34,192.87,78.44,177.48,1,-1,-1,-1
39,14,36.60,176.98,97.45,241.48,1,-1,-1,-1
40,2,7.51,175.50,97.54,201.92,1,-1,-1,-1
40,3,372.44,152.86,130.08,302.65,1,-1,-1,-1
40,5,293.22,194.57,78.94,177.26,1,-1,-1,-1
40,14,42.79,191.92,92.29,221.92,1,-1,-1,-1
40,23,541.21,206.75,42.81,42.09,1,-1,-1,-1
41,2,1.76,177.69,102.67,212.58,1,-1,-1,-1
41,3,382.91,149.60,127.41,303.48,1,-1,-1,-1
41,5,297.30,194.35,79.71,178.33,1,-1,-1,-1
41,14,65.34,180.71,93.73,233.44,1,-1,-1,-1
41,23,540.75,207.14,42.46,41.68,1,-1,-1,-1
42,2,1.01,178.09,107.75,220.52,1,-1,-1,-1
42,3,396.30,149.68,125.31,305.33,1,-1,-1,-1
42,5,300.30,194.50,78.97,176.50,1,-1,-1,-1
42,14,75.84,173.32,94.43,240.35,1,-1,-1,-1
42,23,540.54,208.11,42.20,41.29,1,-1,-1,-1
43,2,-1.16,179.36,107.22,218.87,1,-1,-1,-1
43,3,406.66,152.26,122.09,302.54,1,-1,-1,-1
43,5,301.01,194.60,78.07,175.29,1,-1,-1,-1
43,14,85.37,168.64,94.58,245.58,1,-1,-1,-1
43,23,541.11,209.40,41.69,40.55,1,-1,-1,-1
44,2,-6.15,181.41,105.02,217.50,1,-1,-1,-1
44,3,413.55,152.13,122.09,306.80,1,-1,-1,-1
44,5,302.82,194.41,77.16,174.38,1,-1,-1,-1
44,14,95.76,164.85,94.62,250.03,1,-1,-1,-1
44,23,540.87,209.91,41.35,40.23,1,-1,-1,-1
45,2,-8.31,179.89,103.82,218.95,1,-1,-1,-1
45,3,422.16,152.92,120.57,304.55,1,-1,-1,-1
45,5,305.83,196.36,76.04,172.49,1,-1,-1,-1
45,14,103.28,166.29,95.10,251.46,1,-1,-1,-1
45,26,63.48,205.96,31.95,89.05,1,-1,-1,-1
45,27,414.15,208.03,43.84,137.64,1,-1,-1,-1
46,2,-11.37,183.64,99.64,215.82,1,-1,-1,-1
46,3,428.80,152.97,122.48,305.00,1,-1,-1,-1
46,5,309.60,196.95,75.56,170.75,1,-1,-1,-1
46,14,112.78,169.71,95.32,247.44,1,-1,-1,-1
46,26,59.76,205.04,33.92,93.52,1,-1,-1,-1
46,27,416.83,210.85,42.77,134.27,1,-1,-1,-1
47,2,-15.99,180.83,97.04,218.48,1,-1,-1,-1
47,3,442.10,150.80,127.33,308.47,1,-1,-1,-1
47,5,313.17,197.22,76.01,170.76,1,-1,-1,-1
47,14,122.41,174.79,97.37,243.43,1,-1,-1,-1
47,26,60.34,206.70,33.53,90.25,1,-1,-1,-1
48,2,-24.46,177.63,91.65,220.41,1,-1,-1,-1
48,3,448.49,150.84,131.06,308.22,1,-1,-1,-1
48,5,316.16,197.10,77.68,172.69,1,-1,-1,-1
48,14,127.03,178.35,99.76,240.22,1,-1,-1,-1
48,26,61.07,206.84,32.35,84.90,1,-1,-1,-1
49,2,-26.41,176.54,84.62,217.33,1,-1,-1,-1
49,3,456.21,153.11,134.38,307.33,1,-1,-1,-1
49,5,322.72,196.61,78.54,173.33,1,-1,-1,-1
49,14,130.70,180.85,101.82,237.39,1,-1,-1,-1
49,26,59.86,205.80,32.54,85.40,1,-1,-1,-1
49,27,447.99,210.33,43.75,135.93,1,-1,-1,-1
50,2,-26.61,181.23,77.77,214.01,1,-1,-1,-1
50,3,459.23,154.72,135.86,305.84,1,-1,-1,-1
50,5,325.44,197.84,79.24,173.08,1,-1,-1,-1
50,14,134.10,180.80,104.69,237.93,1,-1,-1,-1
50,26,61.01,207.54,33.74,85.53,1,-1,-1,-1
50,27,457.47,208.79,44.41,137.58,1,-1,-1,-1
51,2,-26.58,180.64,73.93,218.27,1,-1,-1,-1
51,3,463.92,157.58,136.21,304.47,1,-1,-1,-1
51,5,327.74,200.70,78.73,170.02,1,-1,-1,-1
51,14,139.00,177.95,107.46,243.04,1,-1,-1,-1
51,26,60.28,206.96,33.91,85.96,1,-1,-1,-1
51,27,467.77,207.52,44.87,139.15,1,-1,-1,-1
52,2,-32.05,180.61,74.38,219.62,1,-1,-1,-1
52,3,473.04,159.95,134.01,299.87,1,-1,-1,-1
52,5,332.82,199.46,80.30,172.97,1,-1,-1,-1
52,14,149.46,181.39,104.82,238.53,1,-1,-1,-1
52,27,473.33,206.08,45.64,142.58,1,-1,-1,-1
53,3,481.28,156.74,134.20,304.27,1,-1,-1,-1
53,5,338.17,199.51,80.70,172.85,1,-1,-1,-1
53,14,159.47,180.71,103.22,238.50,1,-1,-1,-1
53,27,476.74,206.57,45.79,142.73,1,-1,-1,-1
54,3,493.32,152.33,133.27,308.51,1,-1,-1,-1
54,5,345.46,199.85,80.62,171.80,1,-1,-1,-1
54,14,170.31,175.24,103.25,245.76,1,-1,-1,-1
54,27,482.56,209.53,45.96,139.07,1,-1,-1,-1
55,3,501.11,151.10,130.90,308.36,1,-1,-1,-1
55,5,351.09,200.43,80.08,169.98,1,-1,-1,-1
55,14,179.94,174.28,102.07,249.03,1,-1,-1,-1
55,27,488.19,209.36,48.27,141.49,1,-1,-1,-1
56,3,506.33,148.20,130.31,312.85,1,-1,-1,-1
56,5,356.21,200.04,79.55,169.31,1,-1,-1,-1
56,14,192.96,175.34,99.82,248.48,1,-1,-1,-1
56,27,491.75,209.90,50.86,142.23,1,-1,-1,-1
57,3,518.35,145.86,128.05,314.80,1,-1,-1,-1
57,5,360.67,198.41,79.05,169.12,1,-1,-1,-1
57,14,206.18,178.79,97.68,243.53,1,-1,-1,-1
57,27,494.37,212.39,51.99,138.59,1,-1,-1,-1
58,3,529.21,143.53,125.56,317.05,1,-1,-1,-1
58,5,365.12,197.41,78.26,169.67,1,-1,-1,-1
58,14,217.28,178.23,99.76,244.28,1,-1,-1,-1
58,27,497.11,212.46,54.40,139.23,1,-1,-1,-1
59,3,534.98,143.97,122.20,317.46,1,-1,-1,-1
59,5,366.40,198.82,76.79,168.77,1,-1,-1,-1
59,14,226.32,178.81,101.93,243.19,1,-1,-1,-1
59,27,504.10,209.25,56.90,141.80,1,-1,-1,-1
60,3,542.37,144.79,115.99,310.33,1,-1,-1,-1
60,5,366.51,198.74,76.37,169.57,1,-1,-1,-1
60,14,235.24,187.17,103.67,233.76,1,-1,-1,-1
60,27,507.89,207.83,58.05,142.76,1,-1,-1,-1
61,3,543.12,144.94,113.10,309.75,1,-1,-1,-1
61,5,377.67,199.43,76.25,170.74,1,-1,-1,-1
61,14,237.49,183.42,110.40,240.27,1,-1,-1,-1
61,27,513.08,207.77,58.87,144.67,1,-1,-1,-1
62,3,541.83,144.66,112.61,314.51,1,-1,-1,-1
62,5,383.33,199.53,75.61,169.07,1,-1,-1,-1
62,14,243.45,185.66,113.64,240.14,1,-1,-1,-1
62,27,515.35,205.82,60.12,148.72,1,-1,-1,-1
63,3,546.83,159.62,105.55,300.88,1,-1,-1,-1
63,5,386.68,200.29,75.51,169.11,1,-1,-1,-1
63,14,250.47,188.97,113.72,236.34,1,-1,-1,-1
63,27,525.84,204.49,60.00,150.57,1,-1,-1,-1
64,3,550.08,177.05,98.60,284.91,1,-1,-1,-1
64,5,384.41,200.42,77.01,170.96,1,-1,-1,-1
64,14,257.59,184.23,115.81,241.85,1,-1,-1,-1
64,27,533.34,206.27,56.85,144.08,1,-1,-1,-1
64,30,249.38,199.89,52.00,97.31,1,-1,-1,-1
65,3,555.35,203.84,89.59,259.67,1,-1,-1,-1
65,5,390.23,202.16,75.63,168.07,1,-1,-1,-1
65,14,267.22,181.13,115.57,246.69,1,-1,-1,-1
65,27,537.23,205.30,56.79,145.96,1,-1,-1,-1
65,30,250.89,196.82,53.66,100.43,1,-1,-1,-1
66,3,560.47,209.74,87.73,254.27,1,-1,-1,-1
66,5,410.63,205.68,74.27,163.84,1,-1,-1,-1
66,14,276.94,176.48,115.23,251.80,1,-1,-1,-1
66,27,541.42,203.96,57.12,145.45,1,-1,-1,-1
67,5,421.07,206.82,75.05,164.81,1,-1,-1,-1
67,14,291.69,175.07,111.28,251.51,1,-1,-1,-1
67,27,548.76,206.63,59.92,147.44,1,-1,-1,-1
68,5,429.55,208.34,74.38,162.72,1,-1,-1,-1
68,14,304.06,176.23,106.97,248.85,1,-1,-1,-1
68,27,552.62,208.30,62.65,148.54,1,-1,-1,-1
69,5,434.78,209.40,75.14,162.62,1,-1,-1,-1
69,14,313.88,178.77,104.36,247.32,1,-1,-1,-1
69,27,552.69,206.50,65.37,150.59,1,-1,-1,-1
69,30,299.88,212.34,38.24,73.40,1,-1,-1,-1
70,5,437.59,208.88,76.59,165.74,1,-1,-1,-1
70,14,327.69,184.94,104.16,242.49,1,-1,-1,-1
70,27,554.44,207.44,66.42,150.05,1,-1,-1,-1
70,30,307.29,213.15,37.00,71.01,1,-1,-1,-1
70,33,402.74,204.99,74.35,162.91,1,-1,-1,-1
71,5,438.99,211.17,74.98,163.58,1,-1,-1,-1
71,14,338.53,188.35,105.27,237.95,1,-1,-1,-1
71,27,555.38,208.68,66.28,148.28,1,-1,-1,-1
71,33,408.83,208.86,71.52,157.31,1,-1,-1,-1
