3,1,353.35,81.78,86.02,243.60,1,-1,-1,-1
3,2,444.72,83.95,85.61,240.50,1,-1,-1,-1
3,3,180.12,86.09,80.04,236.16,1,-1,-1,-1
3,4,574.90,84.51,61.53,193.96,1,-1,-1,-1
3,5,86.22,95.89,68.95,225.80,1,-1,-1,-1
3,6,519.61,110.34,41.10,119.66,1,-1,-1,-1
4,1,358.42,82.60,84.89,240.18,1,-1,-1,-1
4,2,447.01,81.58,86.07,241.80,1,-1,-1,-1
4,3,185.65,85.76,79.01,233.47,1,-1,-1,-1
4,4,574.51,84.84,61.47,193.77,1,-1,-1,-1
4,5,77.95,98.50,70.23,226.14,1,-1,-1,-1
4,6,520.14,110.19,40.87,119.04,1,-1,-1,-1
5,1,361.46,82.05,86.73,244.96,1,-1,-1,-1
5,2,448.39,80.24,86.94,243.97,1,-1,-1,-1
5,3,190.86,85.27,78.53,231.98,1,-1,-1,-1
5,4,571.41,84.28,63.09,198.05,1,-1,-1,-1
5,5,73.86,98.01,71.24,225.35,1,-1,-1,-1
5,6,520.32,109.29,41.45,120.69,1,-1,-1,-1
6,1,364.68,83.97,86.40,243.28,1,-1,-1,-1
6,2,451.77,82.16,85.87,240.90,1,-1,-1,-1
6,3,198.20,85.64,78.15,230.31,1,-1,-1,-1
6,4,569.20,84.64,63.93,199.64,1,-1,-1,-1
6,5,68.99,98.95,72.64,225.07,1,-1,-1,-1
6,6,518.53,108.54,41.56,121.20,1,-1,-1,-1
6,8,175.06,91.22,39.24,159.37,1,-1,-1,-1
7,1,366.30,87.46,86.57,243.36,1,-1,-1,-1
7,2,455.09,85.48,83.98,236.67,1,-1,-1,-1
7,3,204.68,86.91,78.05,229.46,1,-1,-1,-1
7,4,568.88,85.83,64.75,200.32,1,-1,-1,-1
7,5,62.85,97.76,74.47,226.72,1,-1,-1,-1
7,6,518.06,108.39,41.55,121.17,1,-1,-1,-1
7,8,176.44,93.00,38.87,158.05,1,-1,-1,-1
8,1,368.50,84.67,87.61,245.41,1,-1,-1,-1
8,2,461.09,86.67,83.64,236.40,1,-1,-1,-1
8,3,212.73,90.52,77.11,225.98,1,-1,-1,-1
8,4,567.17,88.76,64.51,197.41,1,-1,-1,-1
8,5,54.99,97.13,75.35,228.00,1,-1,-1,-1
8,8,178.55,95.02,38.86,157.72,1,-1,-1,-1
9,1,369.87,82.85,89.04,249.09,1,-1,-1,-1
9,2,463.62,85.26,84.58,239.81,1,-1,-1,-1
9,3,220.52,92.60,76.93,223.27,1,-1,-1,-1
9,4,565.53,89.19,64.73,196.94,1,-1,-1,-1
9,5,50.44,98.10,73.95,224.73,1,-1,-1,-1
9,8,181.79,95.04,39.21,159.01,1,-1,-1,-1
10,1,371.11,80.37,89.04,249.63,1,-1,-1,-1
10,2,464.36,84.08,85.54,242.48,1,-1,-1,-1
10,3,225.35,93.30,77.38,221.88,1,-1,-1,-1
10,4,563.97,87.64,65.62,198.93,1,-1,-1,-1
10,5,45.28,101.20,71.02,217.53,1,-1,-1,-1
10,8,184.34,95.89,39.40,159.28,1,-1,-1,-1
11,1,371.62,77.59,90.70,255.72,1,-1,-1,-1
11,2,466.24,83.04,84.90,241.39,1,-1,-1,-1
11,3,228.37,96.89,77.94,221.55,1,-1,-1,-1
11,4,561.21,85.31,66.90,201.86,1,-1,-1,-1
11,5,38.51,100.28,70.12,217.06,1,-1,-1,-1
11,8,185.73,95.23,39.68,160.22,1,-1,-1,-1
12,1,374.57,75.94,89.08,251.77,1,-1,-1,-1
12,2,468.89,83.36,84.73,239.97,1,-1,-1,-1
12,3,232.06,99.08,78.06,219.45,1,-1,-1,-1
12,4,556.92,86.89,66.74,199.49,1,-1,-1,-1
12,5,31.16,100.03,69.50,217.09,1,-1,-1,-1
12,8,185.02,94.10,39.95,160.85,1,-1,-1,-1
13,1,376.82,75.34,87.83,248.40,1,-1,-1,-1
13,2,472.62,85.15,84.69,237.69,1,-1,-1,-1
13,3,233.57,96.57,79.17,221.83,1,-1,-1,-1
13,4,554.56,87.00,66.47,197.57,1,-1,-1,-1
13,5,25.42,99.13,69.33,218.03,1,-1,-1,-1
13,8,184.05,92.30,40.76,163.70,1,-1,-1,-1
14,1,378.80,74.00,88.03,248.94,1,-1,-1,-1
14,2,474.51,87.32,84.85,236.09,1,-1,-1,-1
14,3,235.64,96.05,79.11,221.22,1,-1,-1,-1
14,4,553.96,85.70,66.24,196.45,1,-1,-1,-1
14,5,19.34,100.05,69.11,216.75,1,-1,-1,-1
14,8,182.67,92.17,40.95,163.40,1,-1,-1,-1
15,1,384.37,76.86,85.57,242.93,1,-1,-1,-1
15,2,477.01,88.16,85.33,235.34,1,-1,-1,-1
15,3,240.69,96.42,77.68,215.05,1,-1,-1,-1
15,4,549.20,89.02,64.81,192.28,1,-1,-1,-1
15,5,12.41,96.28,71.74,222.55,1,-1,-1,-1
15,8,181.62,91.65,41.22,163.68,1,-1,-1,-1
15,9,599.37,98.98,33.80,135.58,1,-1,-1,-1
16,1,384.30,76.70,86.10,244.38,1,-1,-1,-1
16,2,477.48,87.30,86.21,236.99,1,-1,-1,-1
16,3,243.80,96.20,77.21,213.53,1,-1,-1,-1
16,4,549.41,91.69,62.96,187.25,1,-1,-1,-1
16,5,5.53,94.31,74.90,229.24,1,-1,-1,-1
16,8,180.58,91.19,41.35,163.80,1,-1,-1,-1
16,9,606.25,99.95,32.32,129.93,1,-1,-1,-1
17,1,390.64,80.34,83.97,239.60,1,-1,-1,-1
17,2,480.74,87.42,86.69,235.77,1,-1,-1,-1
17,3,246.64,96.48,76.67,212.02,1,-1,-1,-1
17,4,553.71,94.61,58.03,173.34,1,-1,-1,-1
17,5,1.99,98.99,74.48,225.88,1,-1,-1,-1
17,8,179.62,90.95,41.37,163.80,1,-1,-1,-1
17,9,598.43,100.56,34.35,136.69,1,-1,-1,-1
18,1,392.73,77.65,86.35,245.11,1,-1,-1,-1
18,2,485.18,87.21,86.78,233.83,1,-1,-1,-1
18,3,251.88,96.37,76.64,210.98,1,-1,-1,-1
18,4,554.55,96.18,56.68,170.56,1,-1,-1,-1
18,5,0.29,97.16,76.16,229.51,1,-1,-1,-1
18,8,179.40,91.63,40.93,161.85,1,-1,-1,-1
18,9,595.34,101.81,35.41,139.29,1,-1,-1,-1
19,1,396.09,78.55,87.79,245.94,1,-1,-1,-1
19,2,488.12,85.26,87.88,236.55,1,-1,-1,-1
19,3,253.84,98.19,75.94,209.84,1,-1,-1,-1
19,4,554.23,97.86,55.29,168.29,1,-1,-1,-1
19,5,0.60,97.16,76.57,229.48,1,-1,-1,-1
19,8,176.95,92.90,40.28,162.53,1,-1,-1,-1
19,9,594.31,103.76,35.64,138.60,1,-1,-1,-1
19,11,523.83,85.49,78.71,223.48,1,-1,-1,-1
20,1,398.85,79.60,88.81,244.04,1,-1,-1,-1
20,2,493.66,84.71,88.32,237.85,1,-1,-1,-1
20,3,259.42,96.50,77.48,211.45,1,-1,-1,-1
20,4,552.91,100.23,54.19,167.65,1,-1,-1,-1
20,5,1.27,97.08,76.85,229.18,1,-1,-1,-1
20,8,178.82,93.33,40.00,160.64,1,-1,-1,-1
20,9,592.78,107.02,35.42,136.25,1,-1,-1,-1
20,11,521.04,84.94,79.91,226.87,1,-1,-1,-1
21,1,401.22,79.39,90.07,243.10,1,-1,-1,-1
21,2,499.20,87.48,86.66,233.72,1,-1,-1,-1
21,3,263.91,94.87,78.41,211.74,1,-1,-1,-1
21,4,551.98,101.49,53.44,165.32,1,-1,-1,-1
21,5,-0.76,94.54,76.78,228.94,1,-1,-1,-1
21,8,179.20,94.35,39.89,159.15,1,-1,-1,-1
21,9,592.30,110.31,35.05,132.74,1,-1,-1,-1
22,1,404.19,79.53,89.71,241.45,1,-1,-1,-1
22,2,502.75,87.91,85.48,231.86,1,-1,-1,-1
22,3,267.89,95.24,78.41,210.09,1,-1,-1,-1
22,5,-3.21,100.17,73.70,221.40,1,-1,-1,-1
22,8,179.43,95.01,40.12,158.93,1,-1,-1,-1
22,9,590.10,110.77,36.06,134.76,1,-1,-1,-1
23,1,408.31,81.90,87.80,237.05,1,-1,-1,-1
23,2,506.23,85.90,84.37,232.10,1,-1,-1,-1
23,3,270.54,98.87,77.74,207.78,1,-1,-1,-1
23,5,-6.04,103.50,71.16,217.50,1,-1,-1,-1
23,8,179.21,95.10,40.32,159.08,1,-1,-1,-1
23,9,590.91,110.70,36.64,135.05,1,-1,-1,-1
24,1,411.34,83.78,86.63,233.09,1,-1,-1,-1
24,2,509.03,83.19,83.70,233.16,1,-1,-1,-1
24,3,272.12,95.84,79.06,211.85,1,-1,-1,-1
24,5,-14.33,103.02,68.07,219.05,1,-1,-1,-1
24,8,179.16,94.72,40.52,159.05,1,-1,-1,-1
24,9,591.54,109.39,37.49,135.57,1,-1,-1,-1
25,1,414.57,82.35,87.47,235.83,1,-1,-1,-1
25,2,511.93,83.30,84.05,234.31,1,-1,-1,-1
25,3,273.57,95.97,78.84,211.54,1,-1,-1,-1
25,5,-17.11,106.38,63.53,216.00,1,-1,-1,-1
25,8,178.89,94.55,40.71,159.02,1,-1,-1,-1
25,9,591.51,109.72,38.34,136.25,1,-1,-1,-1
26,1,413.91,81.11,88.96,238.99,1,-1,-1,-1
26,2,514.39,86.57,82.02,228.28,1,-1,-1,-1
26,3,277.71,95.09,78.02,210.21,1,-1,-1,-1
26,5,-16.61,96.53,59.82,213.96,1,-1,-1,-1
26,8,178.74,94.59,40.86,158.68,1,-1,-1,-1
26,9,591.81,112.18,38.25,133.22,1,-1,-1,-1
27,1,416.15,77.88,89.18,241.04,1,-1,-1,-1
27,2,515.78,88.71,80.58,223.85,1,-1,-1,-1
27,3,284.27,92.71,77.71,211.93,1,-1,-1,-1
27,5,-20.65,96.16,59.54,212.95,1,-1,-1,-1
27,8,178.84,95.42,40.88,157.74,1,-1,-1,-1
27,9,591.66,113.13,38.64,131.85,1,-1,-1,-1
28,1,418.78,75.53,88.49,241.19,1,-1,-1,-1
28,2,515.91,89.25,81.60,225.38,1,-1,-1,-1
28,3,291.43,92.42,75.87,208.27,1,-1,-1,-1
28,4,501.57,94.84,62.13,192.38,1,-1,-1,-1
28,8,178.76,95.34,41.08,157.85,1,-1,-1,-1
28,9,591.94,113.35,38.96,130.87,1,-1,-1,-1
29,1,423.79,73.02,87.31,239.89,1,-1,-1,-1
29,2,517.33,90.89,82.10,224.96,1,-1,-1,-1
29,3,296.75,91.35,74.37,206.15,1,-1,-1,-1
29,4,499.29,94.00,61.55,192.01,1,-1,-1,-1
29,8,178.71,95.16,41.51,158.77,1,-1,-1,-1
29,9,591.34,113.28,39.43,131.30,1,-1,-1,-1
30,1,425.04,73.94,86.51,239.96,1,-1,-1,-1
30,2,519.23,90.16,83.20,226.32,1,-1,-1,-1
30,3,300.72,88.98,74.86,209.71,1,-1,-1,-1
30,4,498.13,95.21,59.13,185.98,1,-1,-1,-1
30,8,178.73,94.71,41.71,158.91,1,-1,-1,-1
30,9,591.25,114.25,39.25,130.70,1,-1,-1,-1
31,1,430.79,73.97,85.84,239.21,1,-1,-1,-1
31,2,523.17,91.65,83.65,225.80,1,-1,-1,-1
31,3,306.52,89.50,73.69,207.41,1,-1,-1,-1
31,4,499.67,95.38,58.17,182.76,1,-1,-1,-1
31,8,179.00,95.39,41.67,158.06,1,-1,-1,-1
31,9,589.64,111.49,42.87,142.72,1,-1,-1,-1
32,1,437.55,75.30,85.72,237.73,1,-1,-1,-1
32,2,530.01,90.54,84.21,226.76,1,-1,-1,-1
32,3,310.87,90.36,73.87,208.31,1,-1,-1,-1
32,4,500.24,96.14,57.28,179.67,1,-1,-1,-1
32,8,178.10,94.24,42.34,160.20,1,-1,-1,-1
32,9,589.38,112.04,43.12,143.53,1,-1,-1,-1
33,1,445.14,79.81,84.51,233.18,1,-1,-1,-1
33,2,537.63,89.73,82.89,222.45,1,-1,-1,-1
33,3,314.71,92.56,72.64,204.05,1,-1,-1,-1
33,4,496.32,94.25,58.04,182.39,1,-1,-1,-1
33,8,177.95,93.91,42.46,160.27,1,-1,-1,-1
34,1,452.35,85.04,83.14,227.82,1,-1,-1,-1
34,2,543.29,87.15,83.85,225.24,1,-1,-1,-1
34,3,320.72,94.15,72.31,202.37,1,-1,-1,-1
34,4,491.17,92.10,59.76,188.57,1,-1,-1,-1
34,8,177.79,94.60,42.53,159.94,1,-1,-1,-1
35,1,455.33,84.98,84.31,229.27,1,-1,-1,-1
35,2,546.18,85.86,84.56,226.79,1,-1,-1,-1
35,3,324.54,97.53,72.11,200.04,1,-1,-1,-1
35,4,487.69,91.78,60.01,189.36,1,-1,-1,-1
35,8,177.59,94.55,42.58,159.89,1,-1,-1,-1
36,1,458.02,83.80,84.96,230.22,1,-1,-1,-1
36,2,548.10,84.39,84.76,227.91,1,-1,-1,-1
36,3,326.28,96.74,73.42,202.73,1,-1,-1,-1
36,8,176.63,92.79,43.13,162.22,1,-1,-1,-1
37,1,458.54,84.42,85.12,229.08,1,-1,-1,-1
37,2,552.31,86.00,83.45,225.01,1,-1,-1,-1
37,3,328.59,97.75,73.66,202.10,1,-1,-1,-1
37,8,177.02,93.54,42.76,161.08,1,-1,-1,-1
38,1,458.51,86.31,84.83,226.36,1,-1,-1,-1
38,2,554.10,90.01,81.22,220.92,1,-1,-1,-1
38,3,330.66,97.89,73.58,201.22,1,-1,-1,-1
38,8,177.04,93.82,42.51,160.45,1,-1,-1,-1
39,1,459.00,86.79,85.03,225.19,1,-1,-1,-1
39,2,556.92,91.01,80.08,220.79,1,-1,-1,-1
39,3,333.12,97.55,73.90,201.51,1,-1,-1,-1
39,8,177.06,94.35,42.34,159.91,1,-1,-1,-1
40,1,461.72,85.62,85.05,225.01,1,-1,-1,-1
40,2,559.43,92.56,78.31,219.59,1,-1,-1,-1
40,3,338.56,96.54,73.51,199.98,1,-1,-1,-1
40,8,177.07,94.26,42.31,160.35,1,-1,-1,-1
41,1,463.69,84.44,85.13,225.82,1,-1,-1,-1
41,2,560.74,90.56,77.62,219.90,1,-1,-1,-1
41,3,342.97,94.77,74.04,201.90,1,-1,-1,-1
41,8,176.93,94.09,42.37,160.56,1,-1,-1,-1
42,1,465.10,82.59,86.41,228.48,1,-1,-1,-1
42,2,563.63,93.21,76.56,216.86,1,-1,-1,-1
42,3,345.77,93.97,73.88,201.60,1,-1,-1,-1
42,8,176.92,93.97,42.31,160.39,1,-1,-1,-1
43,1,466.52,80.16,87.20,229.94,1,-1,-1,-1
43,2,563.06,87.92,77.68,221.64,1,-1,-1,-1
43,3,349.75,93.32,73.73,201.75,1,-1,-1,-1
43,8,177.40,95.28,41.74,158.19,1,-1,-1,-1
44,1,467.28,77.99,88.10,231.39,1,-1,-1,-1
44,2,563.37,87.78,77.28,222.13,1,-1,-1,-1
44,3,353.10,93.12,73.79,202.80,1,-1,-1,-1
44,8,177.07,94.65,42.02,159.27,1,-1,-1,-1
45,1,469.99,79.99,87.82,230.18,1,-1,-1,-1
45,2,566.12,97.01,74.27,213.14,1,-1,-1,-1
45,3,357.82,95.00,72.08,197.64,1,-1,-1,-1
45,8,177.20,94.31,42.22,160.06,1,-1,-1,-1
46,1,475.56,80.98,86.99,228.29,1,-1,-1,-1
46,2,566.02,94.10,74.45,215.62,1,-1,-1,-1
46,3,361.91,96.86,71.90,194.71,1,-1,-1,-1
46,8,177.39,94.88,41.99,159.13,1,-1,-1,-1
47,1,480.60,82.06,86.84,227.20,1,-1,-1,-1
47,2,566.89,91.92,74.30,217.34,1,-1,-1,-1
47,3,367.05,98.24,71.60,192.60,1,-1,-1,-1
47,4,455.65,84.34,67.13,209.96,1,-1,-1,-1
47,8,177.35,95.34,41.72,158.32,1,-1,-1,-1
47,13,444.94,100.99,48.51,165.02,1,-1,-1,-1
48,1,485.83,82.38,88.07,227.05,1,-1,-1,-1
48,2,571.69,92.50,72.11,213.76,1,-1,-1,-1
48,3,371.49,98.59,71.64,191.67,1,-1,-1,-1
48,4,452.79,83.80,67.61,211.44,1,-1,-1,-1
48,8,176.98,94.89,41.87,159.16,1,-1,-1,-1
48,13,446.60,97.11,49.81,169.28,1,-1,-1,-1
49,1,491.60,84.62,88.90,224.69,1,-1,-1,-1
49,2,573.83,92.11,70.77,212.63,1,-1,-1,-1
49,3,373.08,98.71,71.70,191.32,1,-1,-1,-1
49,8,177.21,94.78,41.74,158.90,1,-1,-1,-1
49,13,446.22,96.38,52.12,176.68,1,-1,-1,-1
50,1,494.98,85.84,89.12,221.82,1,-1,-1,-1
50,2,575.36,85.18,71.38,220.11,1,-1,-1,-1
50,3,372.08,102.43,71.39,189.43,1,-1,-1,-1
50,8,176.84,94.32,42.15,160.39,1,-1,-1,-1
50,13,444.56,96.03,54.41,183.19,1,-1,-1,-1
51,1,496.90,88.51,88.71,217.38,1,-1,-1,-1
51,2,578.49,84.27,69.40,221.04,1,-1,-1,-1
51,3,376.86,100.05,72.27,191.42,1,-1,-1,-1
51,8,176.90,94.67,41.91,159.64,1,-1,-1,-1
51,13,447.36,96.45,54.01,180.96,1,-1,-1,-1
52,1,501.08,93.48,87.15,210.87,1,-1,-1,-1
52,2,583.26,88.99,64.82,211.66,1,-1,-1,-1
52,3,383.53,97.14,71.68,190.77,1,-1,-1,-1
52,8,177.04,95.45,41.98,159.60,1,-1,-1,-1
52,13,451.98,97.11,53.58,178.39,1,-1,-1,-1
53,1,505.70,94.38,86.86,208.58,1,-1,-1,-1
53,2,585.75,91.20,62.14,207.96,1,-1,-1,-1
53,3,390.04,92.73,72.86,194.50,1,-1,-1,-1
53,8,177.15,95.31,41.72,158.50,1,-1,-1,-1
53,13,445.76,92.70,55.63,184.95,1,-1,-1,-1
54,1,509.37,95.27,87.52,208.52,1,-1,-1,-1
54,2,587.67,92.55,59.72,204.57,1,-1,-1,-1
54,3,396.86,91.81,73.41,195.69,1,-1,-1,-1
54,8,176.87,94.75,41.94,159.65,1,-1,-1,-1
54,13,451.60,94.44,49.80,165.52,1,-1,-1,-1
55,1,509.41,93.99,89.22,211.97,1,-1,-1,-1
55,2,587.57,95.46,57.80,202.70,1,-1,-1,-1
55,3,402.20,91.49,72.97,194.08,1,-1,-1,-1
55,8,177.04,94.27,42.05,160.16,1,-1,-1,-1
55,13,458.96,98.50,49.62,164.25,1,-1,-1,-1
56,1,511.30,92.48,89.31,213.61,1,-1,-1,-1
56,2,589.55,102.54,50.27,178.26,1,-1,-1,-1
56,3,406.36,90.51,73.15,193.89,1,-1,-1,-1
56,8,177.13,94.68,41.99,160.05,1,-1,-1,-1
56,13,460.72,98.37,49.43,163.65,1,-1,-1,-1
57,1,514.39,90.58,88.57,214.16,1,-1,-1,-1
57,2,589.02,105.16,46.64,167.03,1,-1,-1,-1
57,3,409.21,89.70,73.85,194.92,1,-1,-1,-1
57,8,176.87,94.28,42.14,160.60,1,-1,-1,-1
58,1,515.71,86.90,88.14,216.05,1,-1,-1,-1
58,2,592.49,108.86,41.50,148.58,1,-1,-1,-1
58,3,410.34,89.39,75.02,196.92,1,-1,-1,-1
58,8,177.18,94.86,42.09,160.11,1,-1,-1,-1
59,1,517.20,84.81,87.83,218.17,1,-1,-1,-1
59,2,594.70,110.56,39.07,139.28,1,-1,-1,-1
59,3,409.49,91.22,75.39,196.32,1,-1,-1,-1
59,8,177.24,95.09,42.40,160.66,1,-1,-1,-1
60,1,521.45,83.32,87.17,218.07,1,-1,-1,-1
60,2,596.23,109.04,38.24,136.38,1,-1,-1,-1
60,3,409.12,93.22,75.73,194.56,1,-1,-1,-1
60,8,177.09,94.43,42.71,161.17,1,-1,-1,-1
61,1,525.12,84.54,86.04,217.00,1,-1,-1,-1
61,2,595.26,110.24,35.45,127.50,1,-1,-1,-1
61,3,409.01,96.25,75.64,191.64,1,-1,-1,-1
61,8,176.88,94.33,42.83,161.05,1,-1,-1,-1
62,1,532.24,86.49,83.52,212.67,1,-1,-1,-1
62,2,595.04,110.37,34.80,126.32,1,-1,-1,-1
62,3,409.48,97.22,75.08,189.14,1,-1,-1,-1
62,8,177.07,95.47,42.57,159.72,1,-1,-1,-1
63,1,537.20,88.20,83.05,213.00,1,-1,-1,-1
63,2,595.21,110.27,34.00,124.72,1,-1,-1,-1
63,3,411.88,92.90,78.56,196.95,1,-1,-1,-1
63,8,177.08,95.34,42.46,158.74,1,-1,-1,-1
64,1,542.52,90.44,79.86,206.19,1,-1,-1,-1
64,2,596.01,111.16,32.54,119.35,1,-1,-1,-1
64,3,410.46,91.62,79.06,197.23,1,-1,-1,-1
64,8,176.58,95.45,42.65,159.19,1,-1,-1,-1
64,13,446.01,99.59,56.82,182.97,1,-1,-1,-1
65,1,545.85,92.96,77.85,200.99,1,-1,-1,-1
65,3,419.03,90.78,78.66,196.69,1,-1,-1,-1
65,4,397.91,92.53,61.39,187.42,1,-1,-1,-1
65,8,175.93,94.84,42.88,159.26,1,-1,-1,-1
65,13,455.69,98.00,54.29,174.88,1,-1,-1,-1
66,1,548.79,94.89,76.62,197.49,1,-1,-1,-1
66,3,426.96,89.41,77.56,197.02,1,-1,-1,-1
66,4,394.31,92.85,59.86,184.28,1,-1,-1,-1
66,8,175.88,94.57,43.32,160.01,1,-1,-1,-1
66,13,456.12,97.91,54.44,175.36,1,-1,-1,-1
67,1,549.82,95.54,76.33,197.60,1,-1,-1,-1
67,3,439.26,92.84,74.66,192.66,1,-1,-1,-1
67,4,391.24,92.86,59.27,181.11,1,-1,-1,-1
67,8,176.12,94.27,44.00,160.78,1,-1,-1,-1
68,1,549.98,94.14,76.01,198.18,1,-1,-1,-1
68,3,443.23,93.53,73.24,191.63,1,-1,-1,-1
68,4,389.36,93.74,58.91,179.55,1,-1,-1,-1
68,8,176.04,94.29,44.31,160.95,1,-1,-1,-1
69,1,552.31,95.11,75.11,197.22,1,-1,-1,-1
69,3,444.71,93.91,71.78,189.71,1,-1,-1,-1
69,4,388.26,93.20,58.19,178.00,1,-1,-1,-1
69,8,176.08,94.54,44.34,160.57,1,-1,-1,-1
70,1,554.69,95.66,75.51,199.08,1,-1,-1,-1
70,3,445.54,94.31,70.52,187.66,1,-1,-1,-1
70,4,387.07,93.11,57.71,177.23,1,-1,-1,-1
70,8,175.79,93.54,44.68,161.39,1,-1,-1,-1
71,1,556.97,94.93,75.87,200.93,1,-1,-1,-1
71,3,446.62,93.66,70.34,188.52,1,-1,-1,-1
71,4,385.78,94.75,57.49,177.11,1,-1,-1,-1
71,8,176.25,93.96,44.42,160.27,1,-1,-1,-1
72,1,559.13,93.44,76.00,202.78,1,-1,-1,-1
72,3,448.82,93.94,69.39,187.27,1,-1,-1,-1
72,4,384.28,95.51,57.50,177.39,1,-1,-1,-1
72,8,176.71,94.25,44.48,159.52,1,-1,-1,-1
73,1,561.52,90.28,76.70,206.88,1,-1,-1,-1
73,3,450.99,93.93,68.95,187.85,1,-1,-1,-1
73,4,383.16,97.00,57.16,175.70,1,-1,-1,-1
73,8,176.83,93.25,44.81,160.50,1,-1,-1,-1
74,1,565.59,89.96,75.00,203.69,1,-1,-1,-1
74,3,454.88,94.70,67.92,186.78,1,-1,-1,-1
74,4,379.81,98.25,56.71,172.51,1,-1,-1,-1
74,8,178.93,93.90,45.13,158.62,1,-1,-1,-1
75,1,567.63,89.73,73.70,201.96,1,-1,-1,-1
75,3,458.52,95.35,67.40,186.11,1,-1,-1,-1
75,4,376.85,98.93,56.77,170.97,1,-1,-1,-1
75,8,181.10,94.44,45.61,157.81,1,-1,-1,-1
76,1,568.77,89.62,72.90,201.91,1,-1,-1,-1
76,3,461.99,95.34,66.79,184.99,1,-1,-1,-1
76,4,374.51,98.91,57.43,171.38,1,-1,-1,-1
76,8,181.53,93.78,46.36,157.77,1,-1,-1,-1
77,1,568.88,89.09,72.14,200.58,1,-1,-1,-1
77,3,466.70,94.74,67.14,185.07,1,-1,-1,-1
77,4,372.84,98.54,58.23,171.53,1,-1,-1,-1
77,8,182.03,93.72,46.98,157.51,1,-1,-1,-1
78,1,570.98,91.65,70.25,196.57,1,-1,-1,-1
78,3,469.32,95.39,66.40,182.12,1,-1,-1,-1
78,4,371.14,97.91,58.99,171.40,1,-1,-1,-1
78,8,182.70,93.68,47.48,156.97,1,-1,-1,-1
78,13,556.53,102.67,54.42,179.83,1,-1,-1,-1
78,15,549.94,114.79,30.35,84.64,1,-1,-1,-1
79,1,573.70,94.66,68.42,192.86,1,-1,-1,-1
79,3,471.60,93.66,67.30,183.67,1,-1,-1,-1
79,4,368.67,96.57,60.30,173.52,1,-1,-1,-1
79,8,182.82,92.75,48.28,157.78,1,-1,-1,-1
79,13,559.52,105.15,52.02,175.91,1,-1,-1,-1
79,15,550.43,114.06,31.13,86.76,1,-1,-1,-1
80,1,569.94,94.22,69.78,195.90,1,-1,-1,-1
80,3,473.53,93.21,67.47,183.43,1,-1,-1,-1
80,4,367.38,95.09,61.10,174.69,1,-1,-1,-1
80,8,183.17,92.92,48.93,157.86,1,-1,-1,-1
80,13,560.19,105.90,50.33,171.25,1,-1,-1,-1
80,15,550.86,113.52,31.81,88.66,1,-1,-1,-1
81,1,568.98,95.91,69.64,194.69,1,-1,-1,-1
81,3,476.09,91.61,68.80,185.70,1,-1,-1,-1
81,4,365.54,94.91,61.49,174.61,1,-1,-1,-1
81,8,182.67,92.78,49.65,158.65,1,-1,-1,-1
81,13,565.55,106.41,50.18,170.73,1,-1,-1,-1
82,1,565.78,103.65,64.87,184.28,1,-1,-1,-1
82,3,478.35,92.11,69.22,185.77,1,-1,-1,-1
82,4,364.25,95.02,61.21,172.67,1,-1,-1,-1
82,8,182.77,93.91,49.96,158.23,1,-1,-1,-1
82,13,558.95,110.19,48.54,167.03,1,-1,-1,-1
83,1,576.75,99.71,64.48,188.24,1,-1,-1,-1
83,3,480.82,92.71,70.04,187.37,1,-1,-1,-1
83,4,360.83,94.71,61.39,172.76,1,-1,-1,-1
83,8,182.82,94.72,50.43,158.29,1,-1,-1,-1
83,13,568.49,109.75,51.24,174.41,1,-1,-1,-1
84,1,580.05,104.53,62.07,185.90,1,-1,-1,-1
84,3,484.54,94.89,69.39,185.06,1,-1,-1,-1
84,4,357.06,95.15,61.57,172.35,1,-1,-1,-1
84,8,183.14,94.71,51.19,159.47,1,-1,-1,-1
84,13,568.77,117.91,49.36,164.86,1,-1,-1,-1
85,1,585.48,100.58,60.43,186.43,1,-1,-1,-1
85,3,488.06,97.18,69.18,182.97,1,-1,-1,-1
85,4,353.94,96.62,61.12,169.89,1,-1,-1,-1
85,8,183.38,94.14,51.91,160.62,1,-1,-1,-1
85,13,567.03,123.46,47.74,156.33,1,-1,-1,-1
86,1,589.97,97.39,59.12,189.04,1,-1,-1,-1
86,2,529.61,103.55,56.87,175.35,1,-1,-1,-1
86,3,493.27,99.47,68.94,180.01,1,-1,-1,-1
86,4,351.62,97.90,60.36,167.09,1,-1,-1,-1
86,8,184.71,93.78,52.36,160.87,1,-1,-1,-1
86,13,563.87,120.37,48.67,156.66,1,-1,-1,-1
87,1,593.94,96.31,56.98,189.88,1,-1,-1,-1
87,2,526.90,103.26,57.58,177.54,1,-1,-1,-1
87,3,499.26,101.52,69.16,176.96,1,-1,-1,-1
87,4,348.46,98.46,60.50,166.81,1,-1,-1,-1
87,8,185.26,93.30,53.14,162.04,1,-1,-1,-1
87,13,556.84,116.15,49.42,157.03,1,-1,-1,-1
88,1,595.58,97.85,53.71,186.16,1,-1,-1,-1
88,3,503.01,101.69,70.18,175.84,1,-1,-1,-1
88,4,346.26,99.40,59.86,165.30,1,-1,-1,-1
88,8,185.61,92.72,53.84,163.27,1,-1,-1,-1
88,13,551.88,113.17,49.82,157.86,1,-1,-1,-1
89,1,601.61,102.05,39.84,139.01,1,-1,-1,-1
89,3,507.62,103.19,70.15,173.20,1,-1,-1,-1
89,4,344.29,99.74,59.28,164.32,1,-1,-1,-1
89,8,185.71,92.56,54.50,164.48,1,-1,-1,-1
89,13,548.26,109.06,52.65,163.65,1,-1,-1,-1
90,1,601.01,104.33,32.75,113.94,1,-1,-1,-1
90,3,513.29,98.78,73.12,178.82,1,-1,-1,-1
90,4,340.63,98.69,59.64,165.18,1,-1,-1,-1
90,8,186.40,92.60,54.69,164.13,1,-1,-1,-1
90,13,548.57,108.78,52.57,163.37,1,-1,-1,-1
90,18,403.54,110.45,36.37,117.84,1,-1,-1,-1
91,1,603.11,105.19,30.20,105.09,1,-1,-1,-1
91,3,518.14,95.13,74.91,181.99,1,-1,-1,-1
91,4,335.33,97.97,61.62,168.09,1,-1,-1,-1
91,8,187.59,92.94,54.62,163.06,1,-1,-1,-1
91,18,405.23,111.69,34.52,111.11,1,-1,-1,-1
92,3,520.45,92.81,75.64,183.13,1,-1,-1,-1
92,4,331.81,98.99,62.37,166.79,1,-1,-1,-1
92,8,188.29,92.81,54.96,163.17,1,-1,-1,-1
92,18,406.08,112.59,33.54,106.84,1,-1,-1,-1
93,3,523.92,94.85,74.70,180.80,1,-1,-1,-1
93,4,328.51,98.40,64.04,166.96,1,-1,-1,-1
93,8,188.37,92.45,55.58,164.51,1,-1,-1,-1
93,18,400.28,111.77,37.99,120.37,1,-1,-1,-1
94,3,525.04,95.96,73.73,179.28,1,-1,-1,-1
94,4,326.50,97.09,65.96,168.38,1,-1,-1,-1
94,8,189.16,92.39,55.88,164.93,1,-1,-1,-1
94,18,396.32,111.05,40.80,128.48,1,-1,-1,-1
95,3,520.60,94.40,74.76,181.67,1,-1,-1,-1
95,4,326.00,95.12,67.53,170.29,1,-1,-1,-1
95,8,189.68,91.41,55.52,164.36,1,-1,-1,-1
95,18,392.59,110.09,43.18,134.47,1,-1,-1,-1
96,3,523.71,95.43,73.86,178.73,1,-1,-1,-1
96,4,326.36,93.77,68.23,171.68,1,-1,-1,-1
96,8,190.25,90.98,55.51,164.67,1,-1,-1,-1
96,18,390.23,109.68,44.56,137.23,1,-1,-1,-1
97,3,526.88,97.95,74.17,177.06,1,-1,-1,-1
97,4,326.39,93.27,68.68,172.50,1,-1,-1,-1
97,8,189.91,90.02,55.96,166.11,1,-1,-1,-1
97,18,388.71,109.01,45.74,139.33,1,-1,-1,-1
98,3,531.10,99.02,75.10,176.83,1,-1,-1,-1
98,4,324.95,90.64,69.23,174.84,1,-1,-1,-1
98,8,190.12,89.55,56.24,167.28,1,-1,-1,-1
98,13,516.08,110.66,51.29,157.70,1,-1,-1,-1
98,18,387.59,110.32,46.37,139.17,1,-1,-1,-1
99,3,534.76,100.55,76.20,175.91,1,-1,-1,-1
99,4,323.77,88.89,69.32,176.63,1,-1,-1,-1
99,8,190.27,89.63,56.22,167.53,1,-1,-1,-1
99,13,514.02,120.24,49.18,148.90,1,-1,-1,-1
99,18,386.00,110.39,47.23,139.54,1,-1,-1,-1
100,3,540.60,102.63,74.98,173.77,1,-1,-1,-1
100,4,321.91,88.96,68.58,175.76,1,-1,-1,-1
100,8,190.47,90.48,55.79,166.41,1,-1,-1,-1
100,13,511.94,119.78,49.90,150.44,1,-1,-1,-1
100,18,384.95,111.15,47.96,139.44,1,-1,-1,-1
101,3,544.44,103.61,74.00,172.69,1,-1,-1,-1
101,4,319.80,89.74,67.61,174.30,1,-1,-1,-1
101,8,190.42,90.30,55.89,166.86,1,-1,-1,-1
101,13,510.53,117.84,50.08,150.73,1,-1,-1,-1
101,18,385.50,111.68,47.67,136.78,1,-1,-1,-1
102,3,547.91,105.97,72.45,169.27,1,-1,-1,-1
102,4,317.45,89.27,67.33,174.27,1,-1,-1,-1
102,8,190.88,90.77,55.54,165.66,1,-1,-1,-1
102,13,507.79,119.52,49.81,148.30,1,-1,-1,-1
102,18,386.45,110.56,47.71,135.10,1,-1,-1,-1
103,3,554.46,105.97,71.03,167.81,1,-1,-1,-1
103,4,315.88,89.90,66.69,173.66,1,-1,-1,-1
103,8,190.59,90.54,55.73,166.27,1,-1,-1,-1
103,13,504.06,122.39,49.35,145.26,1,-1,-1,-1
103,18,386.78,109.37,47.93,133.87,1,-1,-1,-1
104,3,560.94,101.29,69.60,169.51,1,-1,-1,-1
104,4,314.65,88.56,66.53,174.57,1,-1,-1,-1
104,8,190.63,91.03,55.36,165.14,1,-1,-1,-1
104,13,500.92,121.85,49.65,143.89,1,-1,-1,-1
104,18,386.50,109.00,47.63,131.74,1,-1,-1,-1
105,3,565.30,97.92,68.69,172.14,1,-1,-1,-1
105,4,312.42,87.10,66.39,175.92,1,-1,-1,-1
105,8,190.26,91.11,55.45,165.26,1,-1,-1,-1
105,13,495.00,122.19,50.69,143.83,1,-1,-1,-1
105,18,386.87,108.33,47.89,130.90,1,-1,-1,-1
106,3,568.39,95.13,67.94,174.41,1,-1,-1,-1
106,4,311.73,88.91,64.76,173.13,1,-1,-1,-1
106,8,190.35,91.05,55.41,164.99,1,-1,-1,-1
106,13,489.47,119.38,53.42,146.96,1,-1,-1,-1
106,18,387.48,107.83,48.26,130.66,1,-1,-1,-1
107,3,572.03,94.34,66.08,173.09,1,-1,-1,-1
107,4,311.21,91.40,63.02,170.05,1,-1,-1,-1
107,8,189.80,90.95,55.24,164.94,1,-1,-1,-1
107,13,477.95,122.58,53.63,142.61,1,-1,-1,-1
107,18,383.60,107.07,47.68,130.34,1,-1,-1,-1
108,3,575.72,95.68,64.07,170.21,1,-1,-1,-1
108,4,311.53,93.37,61.33,166.76,1,-1,-1,-1
108,8,189.25,90.67,55.26,165.36,1,-1,-1,-1
108,13,471.03,124.70,55.35,139.12,1,-1,-1,-1
108,18,382.17,106.79,47.25,130.74,1,-1,-1,-1
109,3,578.96,97.40,62.42,167.90,1,-1,-1,-1
109,4,311.04,95.33,59.96,164.14,1,-1,-1,-1
109,8,189.14,91.24,54.53,163.81,1,-1,-1,-1
109,13,467.24,125.65,58.41,138.05,1,-1,-1,-1
109,18,381.90,106.78,46.86,131.10,1,-1,-1,-1
110,2,501.24,116.69,52.11,142.69,1,-1,-1,-1
110,3,581.66,96.80,61.33,166.74,1,-1,-1,-1
110,4,309.54,95.87,59.64,164.44,1,-1,-1,-1
110,8,189.39,91.34,54.03,162.87,1,-1,-1,-1
110,13,466.15,130.10,60.49,133.76,1,-1,-1,-1
110,18,386.53,108.86,47.32,130.81,1,-1,-1,-1
110,19,528.70,104.45,42.47,124.86,1,-1,-1,-1
111,2,509.72,115.45,50.89,139.87,1,-1,-1,-1
111,3,582.71,95.05,61.02,167.59,1,-1,-1,-1
111,4,308.11,95.47,59.86,166.13,1,-1,-1,-1
111,8,189.77,91.11,53.89,162.54,1,-1,-1,-1
111,13,463.30,131.17,63.27,132.63,1,-1,-1,-1
111,18,387.87,110.02,47.72,130.49,1,-1,-1,-1
111,19,527.46,104.08,43.07,125.93,1,-1,-1,-1
112,2,513.10,110.93,51.76,145.10,1,-1,-1,-1
112,3,583.61,94.25,60.85,169.36,1,-1,-1,-1
112,4,306.68,95.04,59.76,167.21,1,-1,-1,-1
112,8,189.95,89.85,54.21,163.80,1,-1,-1,-1
112,13,457.62,126.78,66.77,136.44,1,-1,-1,-1
112,18,388.79,110.59,48.04,130.28,1,-1,-1,-1
112,19,524.57,103.35,43.91,128.41,1,-1,-1,-1
113,2,513.70,107.39,53.08,148.06,1,-1,-1,-1
113,3,585.85,94.86,59.43,168.29,1,-1,-1,-1
113,4,305.24,94.74,59.44,167.65,1,-1,-1,-1
113,8,190.25,89.38,54.31,164.26,1,-1,-1,-1
113,13,452.37,129.01,66.95,133.97,1,-1,-1,-1
113,18,388.33,109.53,48.98,132.04,1,-1,-1,-1
114,2,513.27,107.32,52.86,147.14,1,-1,-1,-1
114,3,589.00,96.70,57.22,165.47,1,-1,-1,-1
114,4,304.08,95.17,58.71,167.13,1,-1,-1,-1
114,8,190.54,88.54,54.54,165.52,1,-1,-1,-1
114,13,450.87,131.26,67.42,132.94,1,-1,-1,-1
114,18,388.70,110.53,49.54,132.78,1,-1,-1,-1
115,2,511.50,107.52,52.90,147.04,1,-1,-1,-1
115,3,591.28,97.92,55.63,164.74,1,-1,-1,-1
115,4,303.22,94.71,58.39,167.49,1,-1,-1,-1
115,8,190.79,87.04,55.00,167.25,1,-1,-1,-1
115,13,447.41,129.25,68.12,135.32,1,-1,-1,-1
115,18,388.46,111.03,49.77,133.19,1,-1,-1,-1
116,2,508.64,107.47,52.60,145.84,1,-1,-1,-1
116,3,593.60,97.26,54.48,166.51,1,-1,-1,-1
116,4,302.23,94.78,57.76,166.26,1,-1,-1,-1
116,8,191.26,87.24,55.00,167.38,1,-1,-1,-1
116,13,443.01,126.84,68.44,138.02,1,-1,-1,-1
116,18,387.85,111.77,49.61,133.14,1,-1,-1,-1
117,2,505.71,107.64,52.35,144.43,1,-1,-1,-1
117,3,595.11,96.13,53.66,169.51,1,-1,-1,-1
117,4,301.57,94.54,57.46,165.99,1,-1,-1,-1
117,8,191.91,87.58,54.90,166.92,1,-1,-1,-1
117,13,439.17,128.69,66.97,136.44,1,-1,-1,-1
117,18,388.32,112.80,48.94,132.14,1,-1,-1,-1
118,2,503.72,107.45,52.27,143.56,1,-1,-1,-1
118,3,596.99,97.52,51.26,166.87,1,-1,-1,-1
118,4,300.91,93.61,57.73,167.10,1,-1,-1,-1
118,8,192.19,87.82,54.88,166.73,1,-1,-1,-1
118,13,435.74,121.02,69.29,144.99,1,-1,-1,-1
118,18,389.18,113.77,48.61,132.46,1,-1,-1,-1
119,2,502.01,107.84,52.43,143.99,1,-1,-1,-1
119,3,599.30,98.05,49.59,167.34,1,-1,-1,-1
119,4,300.58,94.23,57.39,166.54,1,-1,-1,-1
119,8,192.61,88.72,54.67,165.86,1,-1,-1,-1
119,13,430.58,118.55,68.35,146.50,1,-1,-1,-1
119,18,388.74,113.65,48.81,133.96,1,-1,-1,-1
120,2,501.03,107.00,52.80,144.78,1,-1,-1,-1
120,3,602.14,101.13,46.72,163.65,1,-1,-1,-1
120,4,300.40,93.14,57.50,167.49,1,-1,-1,-1
120,8,193.02,88.51,54.85,166.15,1,-1,-1,-1
120,13,427.34,117.02,66.28,145.71,1,-1,-1,-1
120,18,390.58,112.80,48.26,134.63,1,-1,-1,-1
121,2,500.79,106.40,52.83,144.79,1,-1,-1,-1
121,3,604.94,104.18,44.03,160.61,1,-1,-1,-1
121,4,300.12,92.30,57.22,167.59,1,-1,-1,-1
121,8,193.55,89.67,54.51,164.71,1,-1,-1,-1
121,13,426.09,116.82,64.30,144.48,1,-1,-1,-1
121,18,391.83,113.15,47.30,134.07,1,-1,-1,-1
122,2,499.69,106.31,52.07,143.13,1,-1,-1,-1
122,3,607.87,108.32,41.25,157.27,1,-1,-1,-1
122,4,300.28,92.95,56.07,164.79,1,-1,-1,-1
122,8,193.62,90.45,54.29,163.49,1,-1,-1,-1
122,13,425.74,117.35,62.19,143.29,1,-1,-1,-1
122,18,395.34,113.18,46.51,134.46,1,-1,-1,-1
123,2,497.77,105.73,52.40,144.53,1,-1,-1,-1
123,3,610.17,114.26,38.05,151.08,1,-1,-1,-1
123,4,299.91,93.63,55.54,163.98,1,-1,-1,-1
123,8,193.75,91.00,54.33,162.87,1,-1,-1,-1
123,13,424.19,116.87,61.27,144.00,1,-1,-1,-1
123,18,405.36,111.76,48.22,142.71,1,-1,-1,-1
124,2,495.52,105.97,52.56,145.31,1,-1,-1,-1
124,3,612.34,125.05,34.09,139.80,1,-1,-1,-1
124,4,299.48,92.13,55.50,164.96,1,-1,-1,-1
124,8,193.98,91.56,54.15,161.67,1,-1,-1,-1
124,13,422.97,114.49,61.31,146.56,1,-1,-1,-1
124,18,408.56,109.63,49.90,149.31,1,-1,-1,-1
125,2,492.93,105.74,53.31,146.80,1,-1,-1,-1
125,3,613.66,132.94,31.44,132.64,1,-1,-1,-1
125,4,298.27,91.94,55.36,165.44,1,-1,-1,-1
125,8,194.06,91.56,54.28,161.45,1,-1,-1,-1
125,13,419.90,113.72,61.51,147.04,1,-1,-1,-1
125,18,413.58,112.37,50.85,149.46,1,-1,-1,-1
126,2,490.64,105.15,54.18,148.16,1,-1,-1,-1
126,3,615.38,136.41,30.61,129.16,1,-1,-1,-1
126,4,296.58,92.25,55.32,165.96,1,-1,-1,-1
126,8,194.10,91.53,54.46,161.34,1,-1,-1,-1
126,18,413.83,110.52,53.50,153.72,1,-1,-1,-1
127,2,489.04,107.32,53.81,146.31,1,-1,-1,-1
127,4,295.44,93.29,55.14,165.92,1,-1,-1,-1
127,8,193.93,91.23,54.75,161.69,1,-1,-1,-1
127,18,411.48,109.33,56.21,155.77,1,-1,-1,-1
128,2,488.62,107.46,53.88,145.35,1,-1,-1,-1
128,4,294.21,93.43,55.17,166.29,1,-1,-1,-1
128,8,194.09,91.64,54.58,160.79,1,-1,-1,-1
128,18,409.36,109.94,58.17,155.58,1,-1,-1,-1
129,2,488.75,109.24,53.52,143.47,1,-1,-1,-1
129,4,292.82,93.62,55.70,166.54,1,-1,-1,-1
129,8,194.24,91.80,54.52,160.18,1,-1,-1,-1
129,18,406.82,111.71,59.30,153.36,1,-1,-1,-1
130,2,487.54,110.77,53.42,141.81,1,-1,-1,-1
130,4,291.19,90.82,56.98,169.47,1,-1,-1,-1
130,8,194.21,91.81,54.35,159.27,1,-1,-1,-1
130,18,404.43,112.61,60.02,151.95,1,-1,-1,-1
131,2,485.71,114.69,52.71,137.53,1,-1,-1,-1
131,4,288.54,89.31,58.14,170.62,1,-1,-1,-1
131,8,194.34,91.86,54.19,158.19,1,-1,-1,-1
131,18,402.64,112.55,60.50,151.52,1,-1,-1,-1
132,2,483.75,116.66,53.30,136.20,1,-1,-1,-1
132,4,283.99,92.38,57.75,165.23,1,-1,-1,-1
132,8,194.17,91.83,54.28,157.75,1,-1,-1,-1
132,18,399.43,111.62,61.04,152.37,1,-1,-1,-1
133,2,481.50,115.95,54.43,136.85,1,-1,-1,-1
133,4,279.75,93.95,58.38,162.41,1,-1,-1,-1
133,8,194.65,91.48,54.60,158.29,1,-1,-1,-1
133,18,396.48,111.34,61.04,152.45,1,-1,-1,-1
133,20,4.50,113.58,30.11,177.70,1,-1,-1,-1
134,2,474.06,116.19,54.92,136.68,1,-1,-1,-1
134,4,277.59,95.65,58.74,159.84,1,-1,-1,-1
134,8,194.13,91.35,54.79,158.16,1,-1,-1,-1
134,18,394.69,113.99,59.94,149.69,1,-1,-1,-1
134,20,7.83,132.41,27.95,162.32,1,-1,-1,-1
135,2,473.06,116.23,55.28,137.32,1,-1,-1,-1
135,4,275.85,95.20,59.57,159.45,1,-1,-1,-1
135,8,193.99,90.32,55.50,160.24,1,-1,-1,-1
135,18,393.11,114.33,59.16,147.97,1,-1,-1,-1
135,20,7.18,129.45,28.95,164.79,1,-1,-1,-1
136,2,471.61,116.93,54.76,135.70,1,-1,-1,-1
136,4,274.63,95.20,60.24,160.21,1,-1,-1,-1
136,8,194.18,89.77,55.61,160.92,1,-1,-1,-1
136,18,391.84,113.64,58.17,146.58,1,-1,-1,-1
136,20,12.38,121.49,31.70,171.87,1,-1,-1,-1
137,2,465.05,113.90,56.12,139.81,1,-1,-1,-1
137,4,273.75,95.46,59.63,158.60,1,-1,-1,-1
137,8,193.90,90.36,55.44,160.71,1,-1,-1,-1
137,18,390.93,113.32,57.13,145.64,1,-1,-1,-1
137,20,12.98,111.38,34.98,181.46,1,-1,-1,-1
138,2,462.79,113.05,56.57,141.43,1,-1,-1,-1
138,4,272.75,96.22,59.36,157.83,1,-1,-1,-1
138,8,193.96,90.47,55.38,160.72,1,-1,-1,-1
138,18,389.91,116.78,55.98,143.32,1,-1,-1,-1
138,20,12.17,108.23,36.76,184.91,1,-1,-1,-1
139,2,460.21,112.17,56.01,141.51,1,-1,-1,-1
139,4,270.62,95.63,59.62,157.67,1,-1,-1,-1
139,8,193.27,90.59,55.29,160.48,1,-1,-1,-1
139,18,387.84,113.35,57.06,146.70,1,-1,-1,-1
139,20,7.96,111.90,36.64,183.48,1,-1,-1,-1
140,2,458.88,111.44,55.99,142.57,1,-1,-1,-1
140,4,267.80,95.06,60.55,158.50,1,-1,-1,-1
140,8,193.09,89.98,55.43,161.13,1,-1,-1,-1
140,18,383.32,111.77,58.82,149.74,1,-1,-1,-1
140,20,6.49,112.02,36.89,183.51,1,-1,-1,-1
141,2,458.82,110.88,55.03,141.24,1,-1,-1,-1
141,4,265.82,94.64,61.37,158.89,1,-1,-1,-1
141,8,192.47,90.18,55.15,160.37,1,-1,-1,-1
141,18,378.77,112.34,60.19,148.22,1,-1,-1,-1
141,20,4.65,97.22,39.61,198.64,1,-1,-1,-1
142,2,457.83,110.36,55.36,143.11,1,-1,-1,-1
142,4,263.95,92.73,62.37,160.95,1,-1,-1,-1
142,8,192.33,90.43,54.80,160.07,1,-1,-1,-1
142,18,374.38,113.44,61.04,146.15,1,-1,-1,-1
142,20,5.42,96.51,39.13,198.69,1,-1,-1,-1
143,2,457.27,110.16,55.35,143.59,1,-1,-1,-1
143,4,262.28,92.23,62.47,160.97,1,-1,-1,-1
143,8,191.86,90.64,54.25,159.16,1,-1,-1,-1
143,18,372.30,115.14,62.00,143.50,1,-1,-1,-1
143,20,6.75,98.21,38.44,197.82,1,-1,-1,-1
144,2,458.57,110.58,54.83,144.03,1,-1,-1,-1
144,4,261.21,92.51,61.51,159.24,1,-1,-1,-1
144,8,192.23,92.01,53.31,156.50,1,-1,-1,-1
144,18,371.00,115.04,62.62,142.21,1,-1,-1,-1
144,20,15.14,101.48,38.98,192.37,1,-1,-1,-1
145,2,459.53,111.51,53.75,143.81,1,-1,-1,-1
145,4,260.29,92.64,60.99,158.81,1,-1,-1,-1
145,8,192.09,93.43,52.41,154.16,1,-1,-1,-1
145,18,369.63,112.89,64.35,144.02,1,-1,-1,-1
145,20,22.99,108.08,39.42,184.51,1,-1,-1,-1
146,2,459.90,110.91,52.87,143.16,1,-1,-1,-1
146,4,259.14,91.95,60.81,158.96,1,-1,-1,-1
146,8,191.15,93.94,52.44,154.73,1,-1,-1,-1
146,18,366.01,112.25,64.55,144.75,1,-1,-1,-1
146,20,30.08,108.91,41.36,181.61,1,-1,-1,-1
147,2,459.98,111.00,51.53,142.29,1,-1,-1,-1
147,4,258.17,92.34,60.56,158.97,1,-1,-1,-1
147,8,190.92,93.91,52.13,153.97,1,-1,-1,-1
147,18,360.96,113.02,63.15,143.58,1,-1,-1,-1
147,20,33.89,108.86,43.96,180.18,1,-1,-1,-1
148,2,460.71,112.17,50.34,141.52,1,-1,-1,-1
148,4,256.88,91.56,60.91,160.25,1,-1,-1,-1
148,8,190.76,93.79,52.03,153.68,1,-1,-1,-1
148,18,358.70,115.72,61.60,140.72,1,-1,-1,-1
148,20,36.69,111.00,46.28,176.91,1,-1,-1,-1
148,21,410.16,115.79,44.97,137.36,1,-1,-1,-1
149,2,461.48,112.40,49.59,141.83,1,-1,-1,-1
149,4,256.93,91.79,60.63,160.04,1,-1,-1,-1
149,8,190.56,93.52,51.90,153.43,1,-1,-1,-1
149,18,356.60,115.69,61.13,141.42,1,-1,-1,-1
149,20,38.78,113.25,48.21,173.62,1,-1,-1,-1
149,21,411.14,115.61,45.03,138.01,1,-1,-1,-1
150,2,461.57,112.28,48.94,141.70,1,-1,-1,-1
150,4,257.02,93.27,59.89,158.84,1,-1,-1,-1
150,8,189.57,93.30,51.98,153.38,1,-1,-1,-1
150,18,355.32,114.57,60.80,142.70,1,-1,-1,-1
150,20,40.87,116.47,49.89,169.50,1,-1,-1,-1
150,21,409.52,116.58,44.41,136.84,1,-1,-1,-1
151,2,462.02,112.41,48.11,140.90,1,-1,-1,-1
151,4,256.94,93.75,59.34,158.26,1,-1,-1,-1
151,8,187.81,90.91,52.03,155.47,1,-1,-1,-1
151,18,351.78,115.35,59.34,140.44,1,-1,-1,-1
151,20,41.36,118.13,52.02,167.76,1,-1,-1,-1
151,21,410.35,116.57,44.00,136.35,1,-1,-1,-1
152,2,461.82,111.46,47.47,140.14,1,-1,-1,-1
152,4,258.22,95.31,59.04,157.90,1,-1,-1,-1
152,8,188.89,92.85,51.94,155.28,1,-1,-1,-1
152,18,349.61,116.20,58.43,139.38,1,-1,-1,-1
152,20,39.99,116.99,54.08,168.29,1,-1,-1,-1
152,21,412.54,116.80,44.52,138.05,1,-1,-1,-1
153,2,461.48,110.33,47.39,140.22,1,-1,-1,-1
153,4,258.51,95.88,58.72,157.92,1,-1,-1,-1
153,8,189.14,92.94,52.23,156.29,1,-1,-1,-1
153,18,348.39,115.84,57.84,139.28,1,-1,-1,-1
153,20,48.00,114.79,55.46,170.61,1,-1,-1,-1
153,21,412.59,117.17,44.76,138.06,1,-1,-1,-1
154,2,460.69,108.57,47.72,141.90,1,-1,-1,-1
154,4,258.46,96.56,58.40,157.82,1,-1,-1,-1
154,8,188.86,93.01,52.33,156.58,1,-1,-1,-1
154,18,347.53,114.88,57.82,140.46,1,-1,-1,-1
154,20,54.66,111.11,56.22,172.95,1,-1,-1,-1
154,21,412.03,115.03,45.48,139.95,1,-1,-1,-1
155,2,460.39,110.19,46.69,140.60,1,-1,-1,-1
155,4,258.32,96.17,58.42,158.58,1,-1,-1,-1
155,8,188.84,93.52,52.28,156.21,1,-1,-1,-1
155,18,346.26,115.91,56.12,137.34,1,-1,-1,-1
155,20,61.28,110.61,56.01,173.04,1,-1,-1,-1
155,21,411.71,115.81,45.06,139.82,1,-1,-1,-1
156,2,459.94,112.36,45.45,138.88,1,-1,-1,-1
156,4,257.37,94.79,58.28,159.41,1,-1,-1,-1
156,8,188.75,93.62,52.42,156.09,1,-1,-1,-1
156,18,345.37,118.25,54.23,134.12,1,-1,-1,-1
156,20,65.85,111.72,55.84,173.13,1,-1,-1,-1
156,21,414.44,115.74,43.42,136.21,1,-1,-1,-1
157,2,459.46,113.75,44.54,138.01,1,-1,-1,-1
157,4,256.53,94.06,58.18,160.09,1,-1,-1,-1
157,8,188.57,93.76,52.59,155.86,1,-1,-1,-1
157,18,343.75,120.22,52.97,132.71,1,-1,-1,-1
157,20,71.26,114.26,54.97,171.50,1,-1,-1,-1
157,21,416.23,115.64,42.98,136.04,1,-1,-1,-1
158,2,458.44,115.21,43.79,136.92,1,-1,-1,-1
158,4,256.63,93.83,57.67,159.58,1,-1,-1,-1
158,8,188.19,93.48,52.95,158.18,1,-1,-1,-1
158,18,341.66,119.90,52.44,133.32,1,-1,-1,-1
158,20,77.05,115.76,53.72,168.86,1,-1,-1,-1
158,21,417.32,115.33,43.06,137.25,1,-1,-1,-1
159,2,456.51,115.30,44.22,139.55,1,-1,-1,-1
159,4,256.30,94.28,56.99,158.71,1,-1,-1,-1
159,8,189.32,94.41,52.23,155.28,1,-1,-1,-1
159,18,339.51,118.79,52.51,135.01,1,-1,-1,-1
159,20,82.71,117.06,52.58,166.03,1,-1,-1,-1
159,21,417.95,115.03,43.32,139.09,1,-1,-1,-1
160,2,456.52,117.66,43.36,137.65,1,-1,-1,-1
160,4,256.56,94.93,56.29,157.59,1,-1,-1,-1
160,8,190.40,94.43,51.71,153.09,1,-1,-1,-1
160,18,338.04,118.32,52.38,136.17,1,-1,-1,-1
160,20,88.30,118.33,52.42,164.37,1,-1,-1,-1
160,21,418.86,114.83,44.87,144.98,1,-1,-1,-1
161,2,454.69,117.94,43.65,138.95,1,-1,-1,-1
161,4,256.39,93.54,56.22,158.41,1,-1,-1,-1
161,8,191.15,94.06,51.73,154.65,1,-1,-1,-1
161,18,337.10,116.62,52.77,138.26,1,-1,-1,-1
161,20,97.99,123.28,52.80,158.66,1,-1,-1,-1
161,21,418.65,115.57,43.68,142.03,1,-1,-1,-1
162,2,452.53,117.08,44.03,141.00,1,-1,-1,-1
162,4,255.94,92.36,55.73,157.97,1,-1,-1,-1
162,8,192.46,94.98,51.00,152.09,1,-1,-1,-1
162,18,337.52,117.52,52.21,138.29,1,-1,-1,-1
162,20,103.16,117.30,57.48,166.45,1,-1,-1,-1
162,21,420.20,113.66,45.41,148.08,1,-1,-1,-1
162,22,407.98,116.36,41.05,142.41,1,-1,-1,-1
163,2,450.26,116.11,44.19,142.13,1,-1,-1,-1
163,4,256.55,92.27,55.20,156.98,1,-1,-1,-1
163,8,193.32,95.37,50.65,150.77,1,-1,-1,-1
163,18,335.99,119.42,50.25,133.78,1,-1,-1,-1
163,20,106.26,113.67,61.60,170.06,1,-1,-1,-1
163,21,421.67,112.68,46.10,151.18,1,-1,-1,-1
163,22,408.56,115.92,41.20,142.64,1,-1,-1,-1
164,2,447.76,113.88,44.72,144.03,1,-1,-1,-1
164,4,256.71,91.50,55.09,156.91,1,-1,-1,-1
164,8,193.99,95.71,50.40,149.78,1,-1,-1,-1
164,18,335.65,119.82,49.44,132.30,1,-1,-1,-1
164,20,107.53,116.86,63.24,166.79,1,-1,-1,-1
164,21,421.59,112.03,46.52,153.26,1,-1,-1,-1
164,22,408.14,115.19,41.43,142.96,1,-1,-1,-1
165,2,439.65,111.78,46.64,148.52,1,-1,-1,-1
165,4,256.84,91.17,55.07,157.14,1,-1,-1,-1
165,8,194.02,96.05,50.28,149.05,1,-1,-1,-1
165,18,333.78,118.71,49.77,134.30,1,-1,-1,-1
165,20,108.29,121.57,63.96,161.74,1,-1,-1,-1
165,21,422.38,111.77,46.90,154.52,1,-1,-1,-1
165,22,408.28,114.48,41.72,143.71,1,-1,-1,-1
166,2,435.02,109.66,48.31,152.29,1,-1,-1,-1
166,4,257.67,91.28,54.68,155.99,1,-1,-1,-1
166,8,193.48,95.94,50.51,149.28,1,-1,-1,-1
166,18,333.43,118.02,49.89,135.12,1,-1,-1,-1
166,20,106.50,116.99,67.78,165.85,1,-1,-1,-1
166,22,407.25,114.11,42.12,144.53,1,-1,-1,-1
167,2,433.24,108.31,49.14,153.81,1,-1,-1,-1
167,4,257.66,92.33,53.96,154.02,1,-1,-1,-1
167,8,192.73,96.06,50.67,149.24,1,-1,-1,-1
167,18,333.25,116.78,50.50,136.85,1,-1,-1,-1
167,20,108.05,115.39,70.22,166.88,1,-1,-1,-1
167,22,404.49,115.14,42.28,144.13,1,-1,-1,-1
168,2,438.11,107.01,48.64,152.63,1,-1,-1,-1
168,4,257.06,92.77,53.69,153.30,1,-1,-1,-1
168,8,191.63,95.20,50.94,149.38,1,-1,-1,-1
168,18,332.92,114.41,51.02,138.83,1,-1,-1,-1
168,20,109.60,108.37,74.06,173.59,1,-1,-1,-1
168,22,400.67,114.77,42.72,144.78,1,-1,-1,-1
169,2,439.10,107.36,47.98,150.71,1,-1,-1,-1
169,4,256.42,93.47,53.43,153.04,1,-1,-1,-1
169,8,190.94,94.49,51.29,150.19,1,-1,-1,-1
169,18,332.25,114.07,50.76,138.68,1,-1,-1,-1
169,20,113.11,107.35,74.42,173.32,1,-1,-1,-1
169,22,396.47,116.18,42.95,144.02,1,-1,-1,-1
170,2,439.24,107.06,47.91,150.30,1,-1,-1,-1
170,4,255.97,93.58,53.45,153.33,1,-1,-1,-1
170,8,190.64,94.43,51.11,150.44,1,-1,-1,-1
170,18,331.68,115.12,49.70,136.57,1,-1,-1,-1
170,20,115.46,108.34,73.73,171.85,1,-1,-1,-1
170,22,395.13,116.03,43.05,144.37,1,-1,-1,-1
171,2,438.05,107.22,49.06,152.85,1,-1,-1,-1
171,4,254.94,94.23,53.14,152.98,1,-1,-1,-1
171,8,190.71,93.79,50.85,150.79,1,-1,-1,-1
171,18,328.55,115.67,49.61,136.58,1,-1,-1,-1
171,20,119.00,113.58,71.08,165.72,1,-1,-1,-1
172,2,436.94,106.81,49.30,153.61,1,-1,-1,-1
172,4,253.91,94.81,52.72,152.83,1,-1,-1,-1
172,8,190.79,94.65,50.13,149.78,1,-1,-1,-1
172,18,326.71,115.14,49.50,136.42,1,-1,-1,-1
172,20,125.17,118.49,68.48,161.17,1,-1,-1,-1
173,2,419.89,108.22,51.04,159.77,1,-1,-1,-1
173,4,253.33,94.45,52.63,153.69,1,-1,-1,-1
173,8,190.44,94.50,50.22,151.11,1,-1,-1,-1
173,18,325.08,115.77,48.51,134.37,1,-1,-1,-1
173,20,130.49,118.65,67.20,159.62,1,-1,-1,-1
174,2,418.77,109.22,50.49,158.58,1,-1,-1,-1
174,4,252.48,94.25,52.20,153.85,1,-1,-1,-1
174,8,190.56,94.19,50.71,153.41,1,-1,-1,-1
174,18,323.21,115.13,48.25,134.52,1,-1,-1,-1
174,20,132.46,118.64,66.35,158.91,1,-1,-1,-1
175,2,419.35,109.35,49.53,157.40,1,-1,-1,-1
175,4,252.07,92.68,52.44,155.83,1,-1,-1,-1
175,8,190.96,94.07,50.90,155.06,1,-1,-1,-1
175,18,321.93,112.39,48.99,137.36,1,-1,-1,-1
175,20,133.21,106.53,69.59,169.73,1,-1,-1,-1
175,22,372.24,114.74,42.13,142.10,1,-1,-1,-1
176,2,420.87,108.64,49.12,157.64,1,-1,-1,-1
176,4,251.73,92.93,52.21,155.81,1,-1,-1,-1
176,8,192.08,94.39,50.09,154.50,1,-1,-1,-1
176,18,319.57,109.60,49.98,140.65,1,-1,-1,-1
176,20,138.88,111.57,66.68,165.11,1,-1,-1,-1
176,22,372.76,115.88,42.13,141.52,1,-1,-1,-1
177,2,415.49,109.77,48.37,154.12,1,-1,-1,-1
177,4,251.60,93.29,52.27,155.69,1,-1,-1,-1
177,8,189.36,93.06,49.60,155.45,1,-1,-1,-1
177,18,318.03,107.53,51.26,143.36,1,-1,-1,-1
177,20,150.70,102.93,67.79,172.78,1,-1,-1,-1
177,22,372.15,113.78,42.96,144.35,1,-1,-1,-1
178,2,415.29,109.95,48.63,153.47,1,-1,-1,-1
178,4,250.71,92.13,52.56,157.12,1,-1,-1,-1
178,8,195.30,95.27,48.49,154.07,1,-1,-1,-1
178,18,317.25,109.01,51.07,142.01,1,-1,-1,-1
178,20,153.26,111.78,63.91,162.58,1,-1,-1,-1
178,22,369.73,115.82,43.13,143.33,1,-1,-1,-1
179,2,414.41,108.60,49.58,154.98,1,-1,-1,-1
179,4,250.66,93.71,52.39,156.60,1,-1,-1,-1
179,8,194.27,94.52,47.10,151.21,1,-1,-1,-1
179,18,316.31,110.67,50.82,140.41,1,-1,-1,-1
179,20,155.53,110.01,65.21,165.33,1,-1,-1,-1
179,22,368.58,117.03,43.78,143.20,1,-1,-1,-1
