1,-1,577.02,82.53,62.82,199.46,0.930425,-1,-1,-1
1,-1,348.20,79.11,91.07,250.14,0.906677,-1,-1,-1
1,-1,171.93,96.34,80.13,225.80,0.904992,-1,-1,-1
1,-1,436.40,92.13,88.62,238.79,0.895303,-1,-1,-1
1,-1,99.53,98.49,64.45,220.23,0.883163,-1,-1,-1
1,-1,517.02,112.68,45.10,122.44,0.848050,-1,-1,-1
1,-1,178.88,94.81,34.68,87.44,0.585342,-1,-1,-1
1,-1,0.16,75.64,37.07,220.33,0.258204,-1,-1,-1
2,-1,576.24,83.17,63.55,199.58,0.933856,-1,-1,-1
2,-1,441.98,90.99,83.95,240.19,0.902809,-1,-1,-1
2,-1,350.01,79.37,90.78,250.42,0.898183,-1,-1,-1
2,-1,89.06,99.38,70.12,220.53,0.889089,-1,-1,-1
2,-1,181.66,95.14,70.96,225.00,0.888202,-1,-1,-1
2,-1,515.15,112.77,46.11,122.69,0.821250,-1,-1,-1
2,-1,179.51,94.86,37.50,158.26,0.484834,-1,-1,-1
2,-1,179.73,94.74,36.93,88.96,0.398371,-1,-1,-1
2,-1,0.29,75.54,34.06,203.56,0.268500,-1,-1,-1
3,-1,574.07,83.94,65.67,198.32,0.947430,-1,-1,-1
3,-1,75.80,100.86,78.40,218.86,0.898578,-1,-1,-1
3,-1,444.18,90.47,84.56,240.17,0.894684,-1,-1,-1
3,-1,190.88,92.97,68.83,227.23,0.894234,-1,-1,-1
3,-1,352.94,80.45,97.97,248.58,0.894062,-1,-1,-1
3,-1,515.68,113.03,44.80,121.23,0.814719,-1,-1,-1
3,-1,178.74,95.12,40.18,157.74,0.739386,-1,-1,-1
3,-1,0.30,75.71,34.59,203.47,0.254966,-1,-1,-1
4,-1,572.64,85.31,67.10,197.26,0.941215,-1,-1,-1
4,-1,64.89,102.86,84.96,217.56,0.914097,-1,-1,-1
4,-1,448.80,89.92,83.06,239.17,0.904516,-1,-1,-1
4,-1,195.52,91.74,73.40,227.92,0.889496,-1,-1,-1
4,-1,355.28,82.41,100.26,246.57,0.886699,-1,-1,-1
4,-1,179.64,95.05,39.62,158.99,0.800655,-1,-1,-1
4,-1,516.64,113.36,43.09,121.56,0.769026,-1,-1,-1
5,-1,570.64,86.37,69.02,195.90,0.932173,-1,-1,-1
5,-1,58.44,103.72,88.98,218.88,0.915183,-1,-1,-1
5,-1,200.02,91.37,79.90,228.29,0.902384,-1,-1,-1
5,-1,451.45,89.66,82.86,235.19,0.893628,-1,-1,-1
5,-1,358.71,83.75,100.05,245.54,0.889051,-1,-1,-1
5,-1,179.65,95.19,40.66,159.59,0.807936,-1,-1,-1
5,-1,515.76,113.81,43.36,119.75,0.762772,-1,-1,-1
5,-1,0.18,75.91,38.12,218.75,0.257839,-1,-1,-1
6,-1,567.54,87.02,71.25,195.24,0.918872,-1,-1,-1
6,-1,53.65,104.24,91.32,218.40,0.912935,-1,-1,-1
6,-1,362.03,84.45,95.33,243.73,0.900549,-1,-1,-1
6,-1,203.84,90.98,81.84,229.00,0.897828,-1,-1,-1
6,-1,454.75,88.23,76.63,234.92,0.860706,-1,-1,-1
6,-1,179.96,95.36,40.89,160.55,0.816530,-1,-1,-1
6,-1,514.72,113.65,42.73,120.43,0.739201,-1,-1,-1
7,-1,364.32,85.28,96.12,242.46,0.913583,-1,-1,-1
7,-1,52.02,103.40,88.64,219.86,0.913042,-1,-1,-1
7,-1,209.90,92.84,83.33,226.88,0.906707,-1,-1,-1
7,-1,566.41,87.97,69.92,194.12,0.892069,-1,-1,-1
7,-1,456.72,86.34,82.39,237.03,0.866212,-1,-1,-1
7,-1,179.03,95.52,43.48,158.95,0.809959,-1,-1,-1
7,-1,515.74,113.71,41.02,120.36,0.577297,-1,-1,-1
7,-1,0.36,74.33,34.28,204.52,0.297885,-1,-1,-1
8,-1,51.63,103.00,80.69,220.40,0.922173,-1,-1,-1
8,-1,213.62,94.76,86.37,224.76,0.907450,-1,-1,-1
8,-1,366.68,85.76,93.82,241.52,0.905994,-1,-1,-1
8,-1,460.21,86.35,81.10,236.77,0.885648,-1,-1,-1
8,-1,562.44,88.90,70.28,193.02,0.863057,-1,-1,-1
8,-1,179.30,95.31,43.55,157.62,0.835495,-1,-1,-1
8,-1,0.34,74.75,34.96,204.31,0.274589,-1,-1,-1
9,-1,219.71,96.69,87.78,222.54,0.914037,-1,-1,-1
9,-1,369.67,84.61,93.31,242.05,0.911186,-1,-1,-1
9,-1,51.50,101.31,72.46,221.90,0.911118,-1,-1,-1
9,-1,464.12,87.28,77.51,236.18,0.904301,-1,-1,-1
9,-1,562.57,88.25,63.19,193.61,0.882470,-1,-1,-1
9,-1,179.50,95.26,43.14,158.14,0.818388,-1,-1,-1
9,-1,0.42,74.39,34.83,205.54,0.276552,-1,-1,-1
10,-1,371.20,83.16,92.02,244.90,0.918793,-1,-1,-1
10,-1,222.54,97.36,90.01,221.93,0.915824,-1,-1,-1
10,-1,47.93,99.69,63.15,223.84,0.915671,-1,-1,-1
10,-1,467.28,87.56,77.93,236.42,0.902452,-1,-1,-1
10,-1,562.43,87.51,60.44,194.22,0.883800,-1,-1,-1
10,-1,179.23,95.80,42.56,156.52,0.808237,-1,-1,-1
11,-1,225.30,97.91,89.18,220.81,0.920527,-1,-1,-1
11,-1,374.35,82.06,89.25,244.51,0.915853,-1,-1,-1
11,-1,471.87,87.82,83.00,235.66,0.901876,-1,-1,-1
11,-1,560.63,86.91,60.12,194.79,0.884744,-1,-1,-1
11,-1,42.41,99.98,59.23,223.33,0.881155,-1,-1,-1
11,-1,178.24,95.93,43.41,156.67,0.812828,-1,-1,-1
12,-1,229.61,97.83,87.85,219.75,0.919268,-1,-1,-1
12,-1,376.28,80.91,88.13,240.12,0.913841,-1,-1,-1
12,-1,470.92,90.24,89.63,233.44,0.899033,-1,-1,-1
12,-1,557.96,87.26,59.64,193.90,0.871799,-1,-1,-1
12,-1,36.27,99.04,59.71,224.97,0.860338,-1,-1,-1
12,-1,178.32,95.91,43.63,156.73,0.818821,-1,-1,-1
12,-1,605.61,107.76,34.03,131.15,0.440360,-1,-1,-1
13,-1,235.52,96.69,84.38,220.07,0.916420,-1,-1,-1
13,-1,378.24,79.44,88.36,242.29,0.912780,-1,-1,-1
13,-1,476.59,90.54,88.91,233.91,0.897050,-1,-1,-1
13,-1,557.14,87.26,58.25,193.74,0.879035,-1,-1,-1
13,-1,30.79,98.00,60.55,225.67,0.870302,-1,-1,-1
13,-1,178.32,95.46,43.66,157.95,0.818850,-1,-1,-1
13,-1,604.74,109.10,35.13,124.94,0.595444,-1,-1,-1
14,-1,480.00,91.97,89.02,230.95,0.918120,-1,-1,-1
14,-1,382.30,79.87,88.89,241.16,0.914753,-1,-1,-1
14,-1,14.13,98.68,72.08,225.54,0.899240,-1,-1,-1
14,-1,242.71,93.87,78.97,218.76,0.899057,-1,-1,-1
14,-1,555.14,86.67,58.39,192.96,0.863795,-1,-1,-1
14,-1,177.50,95.77,43.96,156.93,0.826152,-1,-1,-1
14,-1,602.15,109.02,37.72,129.42,0.663455,-1,-1,-1
14,-1,1.68,80.25,25.66,211.05,0.491429,-1,-1,-1
15,-1,1.83,98.10,82.49,226.86,0.918735,-1,-1,-1
15,-1,384.37,79.58,89.05,241.56,0.916174,-1,-1,-1
15,-1,481.24,92.45,92.57,229.76,0.913584,-1,-1,-1
15,-1,245.72,91.26,76.39,220.04,0.905914,-1,-1,-1
15,-1,546.44,87.89,64.99,191.41,0.837259,-1,-1,-1
15,-1,177.79,95.54,43.58,157.21,0.817891,-1,-1,-1
15,-1,601.17,108.99,38.25,130.26,0.709849,-1,-1,-1
16,-1,0.60,99.20,83.73,227.90,0.923176,-1,-1,-1
16,-1,387.82,80.33,88.09,241.24,0.913073,-1,-1,-1
16,-1,249.08,90.64,75.29,220.43,0.907873,-1,-1,-1
16,-1,482.11,93.35,90.05,228.91,0.901187,-1,-1,-1
16,-1,546.92,86.51,61.32,192.64,0.857518,-1,-1,-1
16,-1,177.04,95.36,44.26,157.33,0.833577,-1,-1,-1
16,-1,598.60,108.23,40.51,130.95,0.746358,-1,-1,-1
17,-1,0.20,101.00,84.01,225.80,0.917129,-1,-1,-1
17,-1,390.91,81.46,87.66,239.84,0.909901,-1,-1,-1
17,-1,251.62,90.70,73.67,219.79,0.905270,-1,-1,-1
17,-1,483.84,92.74,86.43,228.43,0.896549,-1,-1,-1
17,-1,544.80,86.94,62.59,190.96,0.847851,-1,-1,-1
17,-1,177.98,95.07,42.71,157.87,0.815582,-1,-1,-1
17,-1,596.34,108.11,43.46,130.64,0.777511,-1,-1,-1
18,-1,393.06,82.22,90.74,238.88,0.913503,-1,-1,-1
18,-1,485.55,91.67,85.02,229.02,0.902651,-1,-1,-1
18,-1,0.09,102.33,83.82,225.13,0.901769,-1,-1,-1
18,-1,254.83,90.83,71.33,220.00,0.889614,-1,-1,-1
18,-1,177.74,95.31,42.46,157.31,0.826658,-1,-1,-1
18,-1,550.85,88.13,55.10,190.72,0.778474,-1,-1,-1
18,-1,593.56,108.35,45.22,131.20,0.773490,-1,-1,-1
19,-1,396.75,83.67,93.63,237.09,0.914235,-1,-1,-1
19,-1,0.12,103.19,82.68,224.13,0.904962,-1,-1,-1
19,-1,258.67,91.50,72.55,219.23,0.897234,-1,-1,-1
19,-1,489.84,89.60,83.14,230.27,0.880481,-1,-1,-1
19,-1,177.57,95.13,42.37,157.72,0.827770,-1,-1,-1
19,-1,592.03,107.07,45.33,133.47,0.765133,-1,-1,-1
19,-1,551.91,88.59,51.92,193.07,0.723018,-1,-1,-1
20,-1,401.41,84.68,93.60,235.60,0.909255,-1,-1,-1
20,-1,0.12,103.00,79.83,224.45,0.904660,-1,-1,-1
20,-1,260.19,93.51,80.82,217.17,0.903419,-1,-1,-1
20,-1,494.56,89.18,83.78,229.71,0.848814,-1,-1,-1
20,-1,177.55,94.64,42.12,158.10,0.827838,-1,-1,-1
20,-1,552.96,89.25,50.17,192.37,0.703910,-1,-1,-1
20,-1,590.55,108.60,41.63,131.94,0.690765,-1,-1,-1
20,-1,483.07,115.62,33.76,30.62,0.253853,-1,-1,-1
21,-1,266.00,96.49,81.28,214.52,0.913447,-1,-1,-1
21,-1,0.13,102.84,74.85,224.24,0.907228,-1,-1,-1
21,-1,403.41,85.76,94.45,234.14,0.899907,-1,-1,-1
21,-1,501.89,87.98,81.48,228.12,0.879375,-1,-1,-1
21,-1,176.86,94.69,42.78,157.88,0.823143,-1,-1,-1
21,-1,589.06,109.67,50.38,130.77,0.733823,-1,-1,-1
21,-1,559.39,107.07,38.99,172.51,0.535651,-1,-1,-1
21,-1,479.16,114.76,37.31,31.01,0.454127,-1,-1,-1
22,-1,269.81,97.89,78.22,212.61,0.914597,-1,-1,-1
22,-1,407.41,86.90,91.27,232.88,0.896203,-1,-1,-1
22,-1,0.16,96.15,64.51,229.66,0.891229,-1,-1,-1
22,-1,507.90,86.68,77.85,228.95,0.864788,-1,-1,-1
22,-1,177.72,94.93,42.22,157.48,0.839152,-1,-1,-1
22,-1,588.44,109.60,48.63,131.04,0.732248,-1,-1,-1
22,-1,478.31,114.07,36.65,31.69,0.559742,-1,-1,-1
22,-1,561.12,110.07,33.94,167.94,0.281911,-1,-1,-1
23,-1,271.25,98.51,76.63,211.76,0.915890,-1,-1,-1
23,-1,0.14,79.94,53.10,242.19,0.889833,-1,-1,-1
23,-1,508.44,86.31,83.72,229.65,0.887233,-1,-1,-1
23,-1,409.15,86.12,86.35,233.54,0.881415,-1,-1,-1
23,-1,177.50,94.16,42.46,158.54,0.819508,-1,-1,-1
23,-1,585.06,109.80,52.14,130.71,0.745492,-1,-1,-1
23,-1,479.46,113.15,34.79,33.03,0.629391,-1,-1,-1
24,-1,273.68,97.97,74.99,211.17,0.912784,-1,-1,-1
24,-1,410.77,86.02,95.57,233.62,0.902812,-1,-1,-1
24,-1,509.53,87.11,82.94,228.33,0.889281,-1,-1,-1
24,-1,177.78,94.04,41.95,158.43,0.830277,-1,-1,-1
24,-1,0.15,75.79,39.78,248.00,0.825271,-1,-1,-1
24,-1,585.22,109.57,51.14,130.45,0.764080,-1,-1,-1
24,-1,482.14,112.13,33.91,34.73,0.646363,-1,-1,-1
25,-1,276.22,98.11,75.94,209.86,0.913683,-1,-1,-1
25,-1,413.54,85.95,95.93,232.74,0.903914,-1,-1,-1
25,-1,502.08,86.39,93.47,229.30,0.834927,-1,-1,-1
25,-1,177.54,93.87,41.91,158.73,0.825448,-1,-1,-1
25,-1,586.41,109.54,51.50,130.42,0.759703,-1,-1,-1
25,-1,0.09,75.99,23.79,249.82,0.706735,-1,-1,-1
25,-1,484.35,112.20,31.30,34.52,0.610969,-1,-1,-1
26,-1,417.36,84.17,96.64,232.30,0.916242,-1,-1,-1
26,-1,281.04,98.23,72.25,206.79,0.903953,-1,-1,-1
26,-1,501.20,87.80,99.70,227.77,0.839699,-1,-1,-1
26,-1,177.59,93.88,41.89,158.68,0.828842,-1,-1,-1
26,-1,587.66,109.37,46.75,130.85,0.715095,-1,-1,-1
26,-1,487.44,112.46,25.38,33.28,0.556843,-1,-1,-1
26,-1,0.06,73.72,33.11,249.88,0.340768,-1,-1,-1
27,-1,422.17,82.35,95.96,230.75,0.905181,-1,-1,-1
27,-1,288.83,96.41,70.57,206.78,0.902173,-1,-1,-1
27,-1,177.99,94.04,41.31,159.54,0.827042,-1,-1,-1
27,-1,505.98,89.98,96.78,225.89,0.771230,-1,-1,-1
27,-1,586.88,108.37,48.00,131.77,0.640165,-1,-1,-1
27,-1,485.59,112.82,25.26,33.02,0.496503,-1,-1,-1
27,-1,504.94,94.06,42.60,188.24,0.321040,-1,-1,-1
28,-1,427.89,81.45,93.87,230.95,0.906062,-1,-1,-1
28,-1,296.77,93.73,69.42,209.42,0.887735,-1,-1,-1
28,-1,177.37,94.37,41.56,158.64,0.821531,-1,-1,-1
28,-1,524.12,91.07,78.05,224.15,0.810655,-1,-1,-1
28,-1,586.43,107.57,46.76,133.24,0.739967,-1,-1,-1
28,-1,497.91,92.98,49.05,186.99,0.526259,-1,-1,-1
28,-1,512.83,94.79,31.09,190.28,0.259275,-1,-1,-1
29,-1,302.60,94.19,71.04,208.34,0.905705,-1,-1,-1
29,-1,432.55,81.13,92.26,231.30,0.884558,-1,-1,-1
29,-1,523.85,90.63,86.24,223.95,0.848340,-1,-1,-1
29,-1,177.16,94.56,41.93,158.03,0.815014,-1,-1,-1
29,-1,587.08,107.36,51.41,135.26,0.665540,-1,-1,-1
29,-1,504.11,93.97,39.75,186.64,0.537355,-1,-1,-1
30,-1,306.10,93.55,74.01,208.61,0.906466,-1,-1,-1
30,-1,434.54,81.32,93.30,230.96,0.890888,-1,-1,-1
30,-1,528.64,93.12,83.01,221.79,0.872005,-1,-1,-1
30,-1,176.98,94.22,42.00,158.42,0.838873,-1,-1,-1
30,-1,588.20,107.48,50.10,134.00,0.658974,-1,-1,-1
30,-1,504.01,93.03,42.56,188.39,0.604096,-1,-1,-1
30,-1,0.17,75.69,38.22,213.99,0.258168,-1,-1,-1
31,-1,309.45,93.18,76.63,209.27,0.901779,-1,-1,-1
31,-1,436.90,81.62,92.35,230.71,0.895252,-1,-1,-1
31,-1,531.79,93.70,84.37,221.69,0.862507,-1,-1,-1
31,-1,177.28,94.87,41.46,158.06,0.817494,-1,-1,-1
31,-1,503.21,93.63,57.49,186.63,0.543522,-1,-1,-1
31,-1,588.28,107.28,50.13,134.72,0.494150,-1,-1,-1
31,-1,0.17,76.21,39.00,220.79,0.273591,-1,-1,-1
32,-1,314.79,94.01,74.46,208.42,0.895946,-1,-1,-1
32,-1,439.81,82.75,93.26,230.17,0.862468,-1,-1,-1
32,-1,536.81,93.08,79.11,221.71,0.861684,-1,-1,-1
32,-1,176.48,94.91,42.11,157.76,0.827431,-1,-1,-1
32,-1,502.16,93.38,61.94,187.32,0.603261,-1,-1,-1
32,-1,589.78,105.62,48.93,134.65,0.368166,-1,-1,-1
32,-1,0.18,74.65,38.97,220.82,0.280000,-1,-1,-1
33,-1,319.53,96.45,74.39,206.25,0.893726,-1,-1,-1
33,-1,443.06,83.53,92.46,229.19,0.873584,-1,-1,-1
33,-1,540.68,90.98,76.41,222.41,0.861783,-1,-1,-1
33,-1,176.52,94.74,42.19,158.00,0.822354,-1,-1,-1
33,-1,500.28,91.16,59.58,186.49,0.766176,-1,-1,-1
33,-1,0.18,75.25,38.94,220.78,0.273434,-1,-1,-1
34,-1,321.37,98.04,77.67,204.04,0.900868,-1,-1,-1
34,-1,544.77,91.54,73.94,221.78,0.874537,-1,-1,-1
34,-1,446.09,85.45,89.84,227.69,0.848656,-1,-1,-1
34,-1,176.56,95.05,42.13,157.54,0.827158,-1,-1,-1
34,-1,499.01,91.38,53.87,185.77,0.759880,-1,-1,-1
35,-1,322.17,99.62,80.22,201.99,0.905018,-1,-1,-1
35,-1,548.52,89.78,73.71,221.32,0.866703,-1,-1,-1
35,-1,448.79,87.27,88.79,225.10,0.835280,-1,-1,-1
35,-1,176.63,95.25,42.17,157.59,0.820723,-1,-1,-1
35,-1,501.91,100.03,45.75,178.85,0.683747,-1,-1,-1
35,-1,0.18,74.89,38.67,219.50,0.260194,-1,-1,-1
36,-1,324.20,98.53,79.50,203.03,0.906784,-1,-1,-1
36,-1,551.74,88.31,71.38,220.78,0.882766,-1,-1,-1
36,-1,451.44,89.47,88.04,223.17,0.845690,-1,-1,-1
36,-1,175.78,94.86,43.07,157.81,0.838617,-1,-1,-1
36,-1,499.62,92.87,45.80,184.90,0.568152,-1,-1,-1
36,-1,0.19,73.84,38.59,222.60,0.300065,-1,-1,-1
37,-1,328.20,98.23,79.51,202.70,0.902900,-1,-1,-1
37,-1,554.37,87.76,72.96,219.93,0.881610,-1,-1,-1
37,-1,454.27,90.29,89.50,222.18,0.872154,-1,-1,-1
37,-1,176.56,95.74,42.11,156.84,0.827375,-1,-1,-1
37,-1,0.17,75.85,39.09,219.86,0.278593,-1,-1,-1
38,-1,557.38,87.69,77.64,220.56,0.905533,-1,-1,-1
38,-1,335.51,98.03,74.63,202.36,0.898863,-1,-1,-1
38,-1,456.71,90.63,90.06,221.13,0.890436,-1,-1,-1
38,-1,175.96,95.30,42.63,157.19,0.834846,-1,-1,-1
38,-1,445.40,108.98,28.34,116.02,0.530981,-1,-1,-1
38,-1,500.97,93.04,39.93,70.51,0.272510,-1,-1,-1
39,-1,560.68,87.94,72.69,220.50,0.905287,-1,-1,-1
39,-1,459.63,88.70,89.27,222.83,0.898180,-1,-1,-1
39,-1,342.14,96.41,70.26,201.06,0.894242,-1,-1,-1
39,-1,175.97,95.58,42.67,158.32,0.822712,-1,-1,-1
39,-1,446.61,109.28,25.84,113.94,0.593237,-1,-1,-1
39,-1,0.17,74.01,38.53,219.08,0.267632,-1,-1,-1
40,-1,562.87,88.27,71.46,219.84,0.910555,-1,-1,-1
40,-1,462.47,87.37,87.38,223.11,0.894023,-1,-1,-1
40,-1,346.12,94.31,69.83,201.96,0.886491,-1,-1,-1
40,-1,175.47,95.69,43.05,157.14,0.830396,-1,-1,-1
40,-1,445.68,109.58,26.59,112.58,0.702191,-1,-1,-1
40,-1,0.17,74.72,38.40,216.52,0.273824,-1,-1,-1
41,-1,565.70,89.40,72.92,218.87,0.920104,-1,-1,-1
41,-1,348.31,93.57,68.77,202.33,0.898719,-1,-1,-1
41,-1,465.11,86.63,86.72,220.33,0.893878,-1,-1,-1
41,-1,175.85,95.05,42.66,157.64,0.829101,-1,-1,-1
41,-1,445.36,109.41,26.60,115.34,0.696855,-1,-1,-1
41,-1,0.18,74.37,38.76,219.60,0.297034,-1,-1,-1
42,-1,348.64,93.26,68.88,202.96,0.925643,-1,-1,-1
42,-1,567.18,90.21,72.51,217.99,0.918718,-1,-1,-1
42,-1,467.64,85.05,87.01,220.93,0.881933,-1,-1,-1
42,-1,175.71,94.29,42.56,158.67,0.829930,-1,-1,-1
42,-1,444.68,108.61,27.33,130.32,0.746664,-1,-1,-1
42,-1,0.18,74.51,38.99,220.85,0.277042,-1,-1,-1
43,-1,571.33,91.61,68.53,216.65,0.923786,-1,-1,-1
43,-1,465.82,84.01,89.03,221.51,0.884008,-1,-1,-1
43,-1,353.43,93.11,66.01,202.31,0.882106,-1,-1,-1
43,-1,174.90,94.73,43.43,157.96,0.843287,-1,-1,-1
43,-1,443.58,109.52,27.75,130.61,0.770044,-1,-1,-1
44,-1,574.64,93.22,65.27,215.01,0.927813,-1,-1,-1
44,-1,357.64,93.87,67.25,201.62,0.877039,-1,-1,-1
44,-1,465.69,84.29,94.17,219.09,0.858415,-1,-1,-1
44,-1,175.12,94.45,43.12,158.20,0.837323,-1,-1,-1
44,-1,441.81,111.42,28.28,126.49,0.760375,-1,-1,-1
44,-1,458.98,103.43,38.94,171.43,0.351807,-1,-1,-1
44,-1,0.18,76.24,38.88,217.47,0.251686,-1,-1,-1
45,-1,576.51,94.18,63.36,213.94,0.925804,-1,-1,-1
45,-1,361.73,95.58,73.33,199.63,0.901140,-1,-1,-1
45,-1,175.42,93.92,42.59,158.89,0.850280,-1,-1,-1
45,-1,469.25,84.91,94.01,220.95,0.839952,-1,-1,-1
45,-1,439.59,111.35,29.15,127.47,0.731468,-1,-1,-1
45,-1,460.84,94.91,40.00,182.09,0.496965,-1,-1,-1
45,-1,0.18,74.87,38.48,216.82,0.255276,-1,-1,-1
46,-1,578.30,92.87,61.29,214.19,0.896568,-1,-1,-1
46,-1,365.64,97.20,74.58,198.13,0.894741,-1,-1,-1
46,-1,482.87,85.56,83.79,220.78,0.875368,-1,-1,-1
46,-1,175.33,94.23,42.59,158.62,0.840026,-1,-1,-1
46,-1,438.44,111.93,28.01,127.31,0.701064,-1,-1,-1
46,-1,457.91,92.94,41.23,183.02,0.692305,-1,-1,-1
46,-1,0.18,74.61,39.06,223.33,0.263717,-1,-1,-1
47,-1,368.97,99.59,74.44,195.33,0.908238,-1,-1,-1
47,-1,486.53,86.14,88.35,219.02,0.886700,-1,-1,-1
47,-1,579.27,93.47,60.46,213.64,0.879156,-1,-1,-1
47,-1,175.33,94.24,42.81,158.40,0.834951,-1,-1,-1
47,-1,456.44,93.11,43.16,182.68,0.744099,-1,-1,-1
47,-1,436.79,111.44,27.43,127.87,0.706834,-1,-1,-1
47,-1,0.18,75.61,39.02,218.63,0.267339,-1,-1,-1
48,-1,370.41,100.47,72.19,194.59,0.909303,-1,-1,-1
48,-1,488.13,87.44,96.10,218.11,0.886221,-1,-1,-1
48,-1,581.84,92.31,57.89,214.97,0.877523,-1,-1,-1
48,-1,175.27,94.47,42.48,159.37,0.827267,-1,-1,-1
48,-1,454.91,92.45,45.61,183.70,0.754209,-1,-1,-1
48,-1,435.17,111.27,28.58,129.03,0.670514,-1,-1,-1
49,-1,372.54,99.95,70.91,194.65,0.906915,-1,-1,-1
49,-1,492.89,87.77,94.91,217.48,0.896892,-1,-1,-1
49,-1,585.21,90.95,54.54,215.66,0.878909,-1,-1,-1
49,-1,175.27,94.31,42.72,159.61,0.825276,-1,-1,-1
49,-1,452.08,92.67,48.43,182.91,0.799013,-1,-1,-1
49,-1,431.83,111.67,30.88,128.37,0.653613,-1,-1,-1
50,-1,375.45,99.90,68.67,193.65,0.901595,-1,-1,-1
50,-1,494.47,89.51,95.71,215.16,0.898488,-1,-1,-1
50,-1,587.38,89.98,52.35,214.07,0.867294,-1,-1,-1
50,-1,175.50,93.78,42.46,159.13,0.838618,-1,-1,-1
50,-1,448.76,90.57,51.04,184.24,0.782222,-1,-1,-1
50,-1,434.17,112.14,24.23,124.52,0.429647,-1,-1,-1
50,-1,0.18,75.03,38.86,220.99,0.260442,-1,-1,-1
51,-1,496.41,89.72,93.88,214.67,0.900665,-1,-1,-1
51,-1,378.64,98.77,68.62,193.62,0.890876,-1,-1,-1
51,-1,590.20,89.29,49.50,213.97,0.858086,-1,-1,-1
51,-1,175.22,93.97,42.66,158.44,0.837952,-1,-1,-1
51,-1,445.04,91.87,55.64,183.17,0.820216,-1,-1,-1
51,-1,0.19,75.45,38.76,217.40,0.264616,-1,-1,-1
52,-1,497.51,89.96,93.71,214.28,0.907630,-1,-1,-1
52,-1,385.77,97.39,68.09,193.79,0.879201,-1,-1,-1
52,-1,591.52,88.74,48.17,214.45,0.844444,-1,-1,-1
52,-1,175.47,93.95,42.12,158.64,0.824279,-1,-1,-1
52,-1,441.71,92.60,57.26,180.61,0.819159,-1,-1,-1
53,-1,393.66,95.97,64.40,194.58,0.883832,-1,-1,-1
53,-1,499.41,88.75,103.05,215.00,0.861063,-1,-1,-1
53,-1,591.65,88.53,48.01,213.42,0.856594,-1,-1,-1
53,-1,175.23,93.99,42.53,158.57,0.829226,-1,-1,-1
53,-1,445.31,92.75,51.97,180.41,0.784193,-1,-1,-1
53,-1,589.25,110.48,27.94,131.78,0.301180,-1,-1,-1
53,-1,0.18,74.78,39.21,223.10,0.287731,-1,-1,-1
54,-1,400.63,94.87,64.19,195.39,0.900435,-1,-1,-1
54,-1,503.04,88.45,100.09,215.44,0.883400,-1,-1,-1
54,-1,591.48,88.21,48.18,214.08,0.881101,-1,-1,-1
54,-1,175.35,94.00,42.27,158.78,0.832718,-1,-1,-1
54,-1,446.39,92.72,49.03,182.92,0.793629,-1,-1,-1
54,-1,0.19,74.88,38.83,221.30,0.266850,-1,-1,-1
55,-1,506.11,87.58,96.53,215.03,0.896503,-1,-1,-1
55,-1,404.13,94.12,65.29,194.62,0.891692,-1,-1,-1
55,-1,593.21,89.86,46.42,212.24,0.842391,-1,-1,-1
55,-1,175.25,93.87,42.40,158.49,0.840023,-1,-1,-1
55,-1,448.33,92.82,44.55,181.86,0.788078,-1,-1,-1
55,-1,0.18,74.79,38.51,217.17,0.278557,-1,-1,-1
56,-1,512.29,87.45,90.90,213.04,0.900032,-1,-1,-1
56,-1,406.56,93.97,67.17,193.32,0.874970,-1,-1,-1
56,-1,175.35,93.52,42.50,159.31,0.828804,-1,-1,-1
56,-1,593.61,91.07,46.00,210.79,0.800863,-1,-1,-1
56,-1,446.59,94.04,44.13,179.44,0.706241,-1,-1,-1
56,-1,0.18,75.79,39.13,222.75,0.256443,-1,-1,-1
57,-1,518.65,87.66,87.92,212.35,0.880381,-1,-1,-1
57,-1,174.75,93.90,42.73,158.73,0.836286,-1,-1,-1
57,-1,410.95,94.56,67.01,194.23,0.817930,-1,-1,-1
57,-1,607.15,94.56,32.51,206.90,0.723670,-1,-1,-1
57,-1,442.96,95.08,45.94,177.83,0.416716,-1,-1,-1
57,-1,589.14,108.32,30.55,134.58,0.315931,-1,-1,-1
57,-1,442.86,94.71,45.03,75.48,0.300130,-1,-1,-1
58,-1,525.28,85.78,84.00,214.32,0.882638,-1,-1,-1
58,-1,412.80,95.41,70.74,194.15,0.838409,-1,-1,-1
58,-1,174.83,94.12,42.73,158.20,0.832647,-1,-1,-1
58,-1,607.70,103.64,31.97,196.37,0.750558,-1,-1,-1
58,-1,587.96,106.60,31.70,134.89,0.384574,-1,-1,-1
58,-1,453.27,96.01,32.96,177.75,0.306093,-1,-1,-1
58,-1,0.18,75.11,38.62,220.22,0.279110,-1,-1,-1
59,-1,527.62,85.20,85.05,214.77,0.876299,-1,-1,-1
59,-1,174.94,93.99,42.63,158.65,0.825139,-1,-1,-1
59,-1,413.12,96.82,72.94,191.71,0.813450,-1,-1,-1
59,-1,612.14,103.39,27.70,195.56,0.689715,-1,-1,-1
59,-1,588.85,107.27,30.75,133.35,0.336636,-1,-1,-1
59,-1,0.18,74.28,38.37,218.61,0.287250,-1,-1,-1
60,-1,530.77,85.94,81.28,213.84,0.884251,-1,-1,-1
60,-1,417.90,97.20,70.34,191.66,0.843623,-1,-1,-1
60,-1,174.62,93.76,43.27,158.81,0.818177,-1,-1,-1
60,-1,611.66,114.35,28.10,183.87,0.705296,-1,-1,-1
60,-1,0.18,74.88,38.96,220.83,0.262281,-1,-1,-1
61,-1,533.20,86.27,78.00,213.67,0.886720,-1,-1,-1
61,-1,420.52,100.41,70.84,188.19,0.877272,-1,-1,-1
61,-1,174.28,94.19,44.01,158.22,0.836406,-1,-1,-1
61,-1,615.50,115.66,24.26,180.39,0.615842,-1,-1,-1
61,-1,398.73,175.78,36.53,95.29,0.321810,-1,-1,-1
61,-1,399.57,98.56,49.44,175.80,0.314921,-1,-1,-1
61,-1,613.85,116.45,25.99,123.41,0.262962,-1,-1,-1
61,-1,0.18,74.95,38.86,218.33,0.253569,-1,-1,-1
62,-1,536.39,87.16,78.20,212.70,0.879278,-1,-1,-1
62,-1,424.92,100.44,71.80,186.81,0.874028,-1,-1,-1
62,-1,174.34,94.18,44.55,158.46,0.832313,-1,-1,-1
62,-1,398.21,97.00,49.91,175.71,0.702377,-1,-1,-1
62,-1,618.53,116.51,21.27,147.72,0.459192,-1,-1,-1
62,-1,413.72,96.07,33.72,87.11,0.286572,-1,-1,-1
62,-1,623.58,115.96,16.28,184.50,0.279472,-1,-1,-1
63,-1,538.60,89.49,82.23,209.71,0.882212,-1,-1,-1
63,-1,430.70,99.15,69.56,187.50,0.871558,-1,-1,-1
63,-1,174.18,93.99,44.79,158.83,0.838752,-1,-1,-1
63,-1,397.79,96.00,52.74,176.68,0.743849,-1,-1,-1
63,-1,619.35,117.28,20.49,150.76,0.432012,-1,-1,-1
64,-1,542.06,89.49,81.44,209.59,0.887427,-1,-1,-1
64,-1,433.13,97.95,70.86,187.35,0.858030,-1,-1,-1
64,-1,174.37,94.21,44.85,158.51,0.832940,-1,-1,-1
64,-1,399.72,94.35,50.76,178.27,0.750180,-1,-1,-1
64,-1,622.00,114.71,17.85,155.21,0.344707,-1,-1,-1
64,-1,0.18,75.49,38.70,218.57,0.259652,-1,-1,-1
64,-1,586.98,109.73,40.98,133.12,0.258494,-1,-1,-1
65,-1,545.47,89.88,80.42,208.55,0.876259,-1,-1,-1
65,-1,437.00,96.85,68.02,187.21,0.851629,-1,-1,-1
65,-1,174.24,94.24,45.70,158.79,0.838367,-1,-1,-1
65,-1,398.63,93.03,62.17,179.97,0.756026,-1,-1,-1
65,-1,623.07,115.93,16.77,153.13,0.575753,-1,-1,-1
65,-1,627.04,115.90,12.71,99.23,0.297758,-1,-1,-1
65,-1,0.17,75.98,38.94,220.19,0.261715,-1,-1,-1
66,-1,548.79,89.87,81.97,208.38,0.885850,-1,-1,-1
66,-1,438.90,95.00,67.68,186.58,0.872368,-1,-1,-1
66,-1,174.54,94.24,45.62,158.38,0.838314,-1,-1,-1
66,-1,398.11,92.93,61.04,178.96,0.829636,-1,-1,-1
66,-1,621.17,117.60,18.65,151.83,0.525841,-1,-1,-1
66,-1,0.17,75.06,38.91,221.90,0.251935,-1,-1,-1
67,-1,551.13,90.64,80.34,207.03,0.890451,-1,-1,-1
67,-1,441.81,94.49,65.42,187.66,0.879350,-1,-1,-1
67,-1,174.52,95.03,45.87,158.21,0.833779,-1,-1,-1
67,-1,395.50,92.83,61.20,179.91,0.825001,-1,-1,-1
67,-1,621.90,108.03,17.96,162.04,0.314305,-1,-1,-1
68,-1,553.12,90.34,74.66,208.09,0.899714,-1,-1,-1
68,-1,445.06,93.98,62.97,190.38,0.869835,-1,-1,-1
68,-1,174.19,94.22,46.53,159.09,0.846514,-1,-1,-1
68,-1,392.27,92.58,58.74,179.06,0.830364,-1,-1,-1
68,-1,619.77,121.34,20.10,148.42,0.467033,-1,-1,-1
69,-1,555.52,89.39,76.98,207.98,0.898875,-1,-1,-1
69,-1,445.28,94.56,66.06,188.35,0.880959,-1,-1,-1
69,-1,390.83,92.65,58.58,178.93,0.862603,-1,-1,-1
69,-1,174.82,94.59,46.02,158.12,0.835125,-1,-1,-1
69,-1,621.88,108.85,17.95,160.55,0.561500,-1,-1,-1
70,-1,557.63,87.23,75.82,208.04,0.895016,-1,-1,-1
70,-1,388.64,92.72,59.21,178.56,0.889009,-1,-1,-1
70,-1,448.93,93.71,67.25,190.65,0.885571,-1,-1,-1
70,-1,175.48,94.24,45.80,158.20,0.829180,-1,-1,-1
70,-1,616.86,108.77,22.96,160.73,0.673112,-1,-1,-1
71,-1,560.11,86.93,78.97,207.29,0.916287,-1,-1,-1
71,-1,386.93,92.76,57.15,178.99,0.882273,-1,-1,-1
71,-1,452.30,94.51,67.47,190.00,0.875413,-1,-1,-1
71,-1,175.33,93.56,46.66,159.36,0.811175,-1,-1,-1
71,-1,617.97,109.03,21.86,159.67,0.464319,-1,-1,-1
71,-1,621.84,107.80,17.95,70.19,0.281118,-1,-1,-1
72,-1,563.53,85.29,76.01,208.39,0.924221,-1,-1,-1
72,-1,455.77,95.67,65.78,188.08,0.883810,-1,-1,-1
72,-1,385.15,93.60,57.43,178.55,0.879865,-1,-1,-1
72,-1,175.42,93.49,47.28,159.83,0.831386,-1,-1,-1
72,-1,622.63,108.99,17.20,65.01,0.322568,-1,-1,-1
72,-1,621.24,108.66,18.54,153.03,0.314074,-1,-1,-1
73,-1,566.23,84.95,73.48,208.43,0.924125,-1,-1,-1
73,-1,383.34,94.43,56.48,178.30,0.869920,-1,-1,-1
73,-1,459.52,97.43,60.23,185.70,0.868883,-1,-1,-1
73,-1,174.48,93.62,49.48,159.60,0.829986,-1,-1,-1
73,-1,617.83,108.76,21.96,159.66,0.298787,-1,-1,-1
73,-1,0.18,74.34,38.89,223.51,0.256447,-1,-1,-1
74,-1,569.65,86.36,70.02,207.17,0.909276,-1,-1,-1
74,-1,461.28,97.71,62.17,185.55,0.870861,-1,-1,-1
74,-1,381.77,95.53,54.44,177.00,0.860746,-1,-1,-1
74,-1,175.04,94.19,49.99,159.19,0.827849,-1,-1,-1
75,-1,464.68,97.05,62.39,185.68,0.892635,-1,-1,-1
75,-1,572.87,89.52,66.92,204.06,0.865342,-1,-1,-1
75,-1,377.87,97.00,58.73,174.56,0.839509,-1,-1,-1
75,-1,174.27,94.22,53.64,158.99,0.836809,-1,-1,-1
75,-1,561.72,111.10,25.37,131.34,0.422664,-1,-1,-1
76,-1,465.15,97.26,65.98,184.24,0.892388,-1,-1,-1
76,-1,568.86,89.24,70.99,204.12,0.884298,-1,-1,-1
76,-1,374.34,96.16,59.86,175.34,0.860195,-1,-1,-1
76,-1,174.05,93.94,54.67,159.15,0.839882,-1,-1,-1
76,-1,564.58,110.82,22.97,131.54,0.310270,-1,-1,-1
76,-1,0.17,74.69,38.55,220.59,0.251683,-1,-1,-1
77,-1,466.61,97.23,68.25,182.90,0.895018,-1,-1,-1
77,-1,573.95,88.67,65.81,204.08,0.864491,-1,-1,-1
77,-1,175.21,94.09,54.30,159.22,0.854500,-1,-1,-1
77,-1,371.22,96.68,56.88,174.50,0.835292,-1,-1,-1
77,-1,406.69,106.64,36.18,131.69,0.616019,-1,-1,-1
77,-1,560.96,109.79,27.58,133.40,0.505104,-1,-1,-1
77,-1,0.18,75.37,38.39,216.72,0.252548,-1,-1,-1
78,-1,470.10,95.52,70.06,183.15,0.892474,-1,-1,-1
78,-1,583.01,89.58,56.75,203.91,0.866405,-1,-1,-1
78,-1,367.44,97.67,57.95,172.88,0.861337,-1,-1,-1
78,-1,175.52,93.99,54.05,159.40,0.851528,-1,-1,-1
78,-1,406.39,107.45,36.41,131.57,0.700660,-1,-1,-1
78,-1,558.71,108.94,33.12,149.74,0.533843,-1,-1,-1
79,-1,583.05,90.96,56.70,202.00,0.882390,-1,-1,-1
79,-1,475.75,96.44,68.54,181.74,0.863934,-1,-1,-1
79,-1,366.64,99.43,56.65,171.29,0.854947,-1,-1,-1
79,-1,175.69,94.42,55.05,159.13,0.854184,-1,-1,-1
79,-1,404.83,108.07,37.95,131.63,0.779364,-1,-1,-1
79,-1,556.33,108.66,37.62,159.51,0.517108,-1,-1,-1
80,-1,585.82,92.02,53.89,199.95,0.881504,-1,-1,-1
80,-1,480.81,94.88,65.10,184.50,0.866661,-1,-1,-1
80,-1,366.57,96.18,54.30,174.47,0.847552,-1,-1,-1
80,-1,176.94,95.02,54.34,158.69,0.839210,-1,-1,-1
80,-1,405.35,108.17,37.29,131.62,0.823497,-1,-1,-1
80,-1,562.58,103.70,37.90,165.29,0.473006,-1,-1,-1
80,-1,553.04,108.74,40.07,99.71,0.355101,-1,-1,-1
80,-1,0.17,74.45,38.74,222.16,0.284943,-1,-1,-1
80,-1,553.94,108.56,40.74,152.50,0.270585,-1,-1,-1
81,-1,482.87,94.29,67.68,185.46,0.859170,-1,-1,-1
81,-1,365.76,95.21,52.28,175.28,0.855643,-1,-1,-1
81,-1,177.48,94.84,54.92,158.62,0.841391,-1,-1,-1
81,-1,587.20,91.05,52.47,201.53,0.833212,-1,-1,-1
81,-1,404.71,108.68,38.30,132.13,0.816827,-1,-1,-1
81,-1,564.88,113.00,43.01,155.72,0.491189,-1,-1,-1
81,-1,548.03,109.10,43.51,97.37,0.488226,-1,-1,-1
81,-1,550.59,109.62,50.50,159.56,0.286213,-1,-1,-1
82,-1,589.69,88.91,50.00,204.04,0.875608,-1,-1,-1
82,-1,177.89,95.37,56.57,157.87,0.867592,-1,-1,-1
82,-1,487.97,95.78,67.38,182.83,0.835097,-1,-1,-1
82,-1,363.73,95.27,53.16,172.80,0.832602,-1,-1,-1
82,-1,402.68,108.54,40.19,132.71,0.808074,-1,-1,-1
82,-1,559.83,114.82,48.57,155.05,0.699575,-1,-1,-1
82,-1,550.40,109.24,35.83,98.84,0.451431,-1,-1,-1
82,-1,0.17,75.52,38.75,222.64,0.279984,-1,-1,-1
82,-1,552.33,109.24,34.68,162.14,0.258415,-1,-1,-1
83,-1,177.90,95.52,57.18,157.91,0.880257,-1,-1,-1
83,-1,591.43,87.54,48.32,203.73,0.877265,-1,-1,-1
83,-1,360.57,94.37,54.60,173.03,0.849470,-1,-1,-1
83,-1,401.13,108.23,41.59,131.37,0.825903,-1,-1,-1
83,-1,492.13,97.35,67.17,180.95,0.825796,-1,-1,-1
83,-1,559.34,114.12,52.71,157.24,0.751899,-1,-1,-1
83,-1,550.64,109.99,31.79,96.31,0.254469,-1,-1,-1
84,-1,178.55,96.11,56.84,157.58,0.883563,-1,-1,-1
84,-1,494.57,98.26,68.39,179.79,0.858255,-1,-1,-1
84,-1,593.93,88.28,45.82,202.10,0.851226,-1,-1,-1
84,-1,360.02,93.76,53.70,172.55,0.848863,-1,-1,-1
84,-1,399.77,108.18,42.59,132.77,0.825359,-1,-1,-1
84,-1,558.58,113.48,51.96,157.73,0.769226,-1,-1,-1
84,-1,554.89,110.21,29.10,158.42,0.340228,-1,-1,-1
85,-1,179.07,97.04,57.30,156.70,0.879998,-1,-1,-1
85,-1,358.02,93.60,54.27,171.72,0.865152,-1,-1,-1
85,-1,494.41,99.75,70.27,177.58,0.862348,-1,-1,-1
85,-1,601.42,103.80,38.35,180.84,0.856719,-1,-1,-1
85,-1,399.11,107.66,44.25,133.27,0.832192,-1,-1,-1
85,-1,557.66,112.33,52.90,158.00,0.797441,-1,-1,-1
85,-1,552.18,110.67,24.09,44.19,0.319196,-1,-1,-1
86,-1,179.85,97.17,57.47,156.68,0.882111,-1,-1,-1
86,-1,495.28,100.26,73.46,177.31,0.873326,-1,-1,-1
86,-1,608.17,104.30,31.59,178.68,0.858511,-1,-1,-1
86,-1,355.79,93.67,55.14,172.53,0.843203,-1,-1,-1
86,-1,398.49,107.57,45.03,133.13,0.840546,-1,-1,-1
86,-1,558.42,111.38,51.69,159.41,0.765010,-1,-1,-1
86,-1,0.18,74.93,38.69,223.71,0.250277,-1,-1,-1
87,-1,495.27,101.29,76.21,176.34,0.889704,-1,-1,-1
87,-1,180.11,96.89,58.25,157.37,0.872858,-1,-1,-1
87,-1,353.26,93.18,56.53,173.57,0.861278,-1,-1,-1
87,-1,399.59,107.38,44.59,133.51,0.823638,-1,-1,-1
87,-1,612.86,103.71,26.89,178.97,0.820390,-1,-1,-1
87,-1,557.63,112.19,45.63,157.51,0.773423,-1,-1,-1
88,-1,496.78,101.77,76.94,175.88,0.905195,-1,-1,-1
88,-1,180.61,96.46,58.42,157.53,0.874347,-1,-1,-1
88,-1,350.72,92.86,56.90,175.50,0.865871,-1,-1,-1
88,-1,398.88,107.08,44.58,133.85,0.826262,-1,-1,-1
88,-1,555.91,111.09,46.68,159.09,0.792612,-1,-1,-1
88,-1,617.70,103.47,22.05,178.85,0.739779,-1,-1,-1
88,-1,0.22,75.14,39.16,224.70,0.253943,-1,-1,-1
89,-1,503.44,100.53,72.26,176.64,0.875314,-1,-1,-1
89,-1,343.98,92.50,63.27,174.33,0.871311,-1,-1,-1
89,-1,180.32,96.55,59.43,156.90,0.868011,-1,-1,-1
89,-1,397.51,107.13,45.28,133.92,0.830947,-1,-1,-1
89,-1,554.11,110.68,47.56,160.20,0.772227,-1,-1,-1
89,-1,620.23,106.16,19.58,172.78,0.717297,-1,-1,-1
90,-1,334.96,93.63,69.83,172.72,0.876180,-1,-1,-1
90,-1,180.51,95.27,60.22,157.26,0.861726,-1,-1,-1
90,-1,509.96,99.74,67.15,177.75,0.836851,-1,-1,-1
90,-1,396.71,107.66,45.97,133.53,0.835453,-1,-1,-1
90,-1,557.15,112.75,36.02,157.85,0.736730,-1,-1,-1
90,-1,621.71,107.92,18.14,100.77,0.476848,-1,-1,-1
90,-1,0.18,74.79,38.85,222.74,0.266011,-1,-1,-1
91,-1,329.22,94.14,73.55,172.05,0.889408,-1,-1,-1
91,-1,183.87,95.40,57.15,157.97,0.874548,-1,-1,-1
91,-1,518.34,98.64,64.61,176.71,0.849403,-1,-1,-1
91,-1,395.55,107.61,45.96,133.39,0.847483,-1,-1,-1
91,-1,560.51,112.57,31.08,158.10,0.587346,-1,-1,-1
91,-1,623.67,111.01,16.17,89.84,0.395730,-1,-1,-1
92,-1,326.53,95.06,74.54,171.61,0.893763,-1,-1,-1
92,-1,184.24,95.42,57.23,157.98,0.870046,-1,-1,-1
92,-1,393.93,107.49,47.40,132.99,0.856717,-1,-1,-1
92,-1,523.29,97.19,64.13,177.53,0.828562,-1,-1,-1
92,-1,623.30,115.11,16.55,82.35,0.380170,-1,-1,-1
93,-1,322.92,96.29,76.10,170.28,0.885747,-1,-1,-1
93,-1,184.79,95.34,58.30,158.14,0.866714,-1,-1,-1
93,-1,391.31,107.39,49.92,133.24,0.858772,-1,-1,-1
93,-1,521.36,98.02,73.88,174.54,0.838383,-1,-1,-1
94,-1,321.25,95.41,75.05,170.69,0.880096,-1,-1,-1
94,-1,184.93,94.29,58.56,157.75,0.869879,-1,-1,-1
94,-1,388.93,107.44,53.12,133.24,0.848351,-1,-1,-1
94,-1,527.91,98.48,63.68,176.88,0.817883,-1,-1,-1
95,-1,324.74,97.77,70.08,168.68,0.876634,-1,-1,-1
95,-1,185.42,94.70,58.68,158.14,0.871953,-1,-1,-1
95,-1,384.24,107.58,56.80,133.27,0.824202,-1,-1,-1
95,-1,523.94,98.27,71.93,176.71,0.819130,-1,-1,-1
95,-1,629.09,122.72,10.70,60.52,0.266579,-1,-1,-1
96,-1,185.42,94.64,58.83,157.78,0.878335,-1,-1,-1
96,-1,324.88,97.52,68.35,168.57,0.877407,-1,-1,-1
96,-1,389.11,107.54,51.85,134.22,0.851145,-1,-1,-1
96,-1,524.33,99.29,79.28,173.74,0.719472,-1,-1,-1
96,-1,513.10,108.69,48.24,156.88,0.283964,-1,-1,-1
97,-1,185.37,94.53,59.14,156.67,0.880500,-1,-1,-1
97,-1,389.29,107.85,52.99,133.65,0.871898,-1,-1,-1
97,-1,536.70,101.05,76.44,172.94,0.867332,-1,-1,-1
97,-1,322.81,97.83,68.41,167.91,0.866098,-1,-1,-1
97,-1,512.13,109.93,48.78,155.86,0.722883,-1,-1,-1
98,-1,185.42,94.25,58.94,156.96,0.889382,-1,-1,-1
98,-1,541.86,101.07,77.87,173.60,0.872088,-1,-1,-1
98,-1,386.64,107.98,55.72,134.33,0.871426,-1,-1,-1
98,-1,321.70,96.58,67.60,169.39,0.846190,-1,-1,-1
98,-1,512.39,113.93,42.98,151.95,0.786640,-1,-1,-1
99,-1,185.53,94.21,58.96,156.63,0.891099,-1,-1,-1
99,-1,545.67,102.91,75.49,170.13,0.876725,-1,-1,-1
99,-1,386.06,108.16,55.81,134.34,0.872888,-1,-1,-1
99,-1,323.02,95.62,64.94,169.41,0.853307,-1,-1,-1
99,-1,510.27,113.99,46.20,152.53,0.819766,-1,-1,-1
100,-1,546.00,103.77,73.53,169.84,0.914924,-1,-1,-1
100,-1,185.49,94.60,59.18,156.35,0.885467,-1,-1,-1
100,-1,321.80,95.50,63.36,169.27,0.879735,-1,-1,-1
100,-1,385.88,107.92,55.83,134.23,0.875588,-1,-1,-1
100,-1,507.34,113.27,48.99,152.59,0.854059,-1,-1,-1
101,-1,549.94,102.86,69.71,171.27,0.892172,-1,-1,-1
101,-1,185.76,95.19,58.95,155.61,0.889284,-1,-1,-1
101,-1,320.94,94.12,62.59,170.90,0.887055,-1,-1,-1
101,-1,385.76,107.14,55.55,134.83,0.874031,-1,-1,-1
101,-1,504.31,112.46,49.10,153.08,0.835023,-1,-1,-1
101,-1,540.71,110.65,25.40,139.44,0.443921,-1,-1,-1
102,-1,552.48,101.18,66.87,171.64,0.906353,-1,-1,-1
102,-1,319.04,93.84,61.14,170.11,0.895435,-1,-1,-1
102,-1,185.78,95.38,58.82,155.92,0.874277,-1,-1,-1
102,-1,385.20,107.07,56.30,134.77,0.871218,-1,-1,-1
102,-1,502.33,111.65,47.58,154.53,0.831632,-1,-1,-1
102,-1,538.14,110.02,31.12,136.07,0.612748,-1,-1,-1
102,-1,0.18,75.53,39.03,222.91,0.268146,-1,-1,-1
103,-1,557.09,101.10,62.60,169.51,0.897358,-1,-1,-1
103,-1,316.22,93.77,61.09,169.26,0.896046,-1,-1,-1
103,-1,185.42,95.04,59.22,156.19,0.876887,-1,-1,-1
103,-1,386.22,106.66,55.23,135.37,0.872853,-1,-1,-1
103,-1,499.43,111.55,48.08,154.71,0.838384,-1,-1,-1
103,-1,536.83,110.17,35.78,138.85,0.667187,-1,-1,-1
103,-1,0.18,75.10,38.58,220.25,0.253629,-1,-1,-1
104,-1,314.12,94.41,60.21,168.86,0.880081,-1,-1,-1
104,-1,564.66,99.38,57.97,169.99,0.879295,-1,-1,-1
104,-1,382.00,106.27,58.67,135.96,0.861869,-1,-1,-1
104,-1,185.16,95.14,58.86,156.46,0.859345,-1,-1,-1
104,-1,494.82,111.33,48.54,154.97,0.848901,-1,-1,-1
104,-1,533.66,110.29,40.81,135.61,0.705589,-1,-1,-1
105,-1,184.65,95.16,59.49,155.87,0.880882,-1,-1,-1
105,-1,313.04,93.68,58.89,168.33,0.876989,-1,-1,-1
105,-1,382.53,105.93,58.00,135.96,0.872771,-1,-1,-1
105,-1,486.06,110.61,55.41,155.74,0.870843,-1,-1,-1
105,-1,569.05,99.98,58.88,170.17,0.851815,-1,-1,-1
105,-1,531.72,109.50,45.26,137.93,0.809264,-1,-1,-1
106,-1,475.89,111.87,63.38,154.15,0.903851,-1,-1,-1
106,-1,184.27,95.47,59.61,156.47,0.876447,-1,-1,-1
106,-1,384.17,105.71,54.97,136.22,0.872295,-1,-1,-1
106,-1,576.69,99.15,56.22,170.77,0.870999,-1,-1,-1
106,-1,312.35,94.09,57.40,167.60,0.866873,-1,-1,-1
106,-1,529.60,108.76,46.52,136.91,0.798220,-1,-1,-1
106,-1,0.17,74.20,38.48,219.01,0.269126,-1,-1,-1
107,-1,467.16,113.42,70.77,152.42,0.903128,-1,-1,-1
107,-1,311.39,94.04,57.26,167.55,0.881898,-1,-1,-1
107,-1,577.70,97.75,61.46,171.99,0.878694,-1,-1,-1
107,-1,385.59,105.81,53.30,136.49,0.876070,-1,-1,-1
107,-1,184.27,95.27,59.62,156.76,0.873907,-1,-1,-1
107,-1,527.11,107.93,46.98,139.21,0.771189,-1,-1,-1
108,-1,184.15,95.35,59.60,157.40,0.883978,-1,-1,-1
108,-1,310.29,94.05,57.12,167.51,0.876680,-1,-1,-1
108,-1,385.83,105.92,52.52,137.32,0.875052,-1,-1,-1
108,-1,460.86,114.02,76.43,151.98,0.875009,-1,-1,-1
108,-1,581.56,98.64,58.34,170.32,0.859196,-1,-1,-1
108,-1,524.09,106.74,49.14,141.40,0.791988,-1,-1,-1
108,-1,0.18,74.99,38.96,222.22,0.299022,-1,-1,-1
109,-1,457.16,111.25,79.65,154.86,0.886347,-1,-1,-1
109,-1,184.30,95.18,59.20,157.10,0.876200,-1,-1,-1
109,-1,385.70,105.56,52.63,137.82,0.874409,-1,-1,-1
109,-1,310.05,95.12,56.33,166.52,0.870664,-1,-1,-1
109,-1,583.82,99.45,56.01,169.10,0.869970,-1,-1,-1
109,-1,523.12,106.28,49.15,142.21,0.813292,-1,-1,-1
110,-1,455.79,115.10,80.74,151.23,0.888670,-1,-1,-1
110,-1,308.13,93.69,57.48,168.28,0.886732,-1,-1,-1
110,-1,184.12,94.90,59.06,157.13,0.884489,-1,-1,-1
110,-1,585.63,99.01,53.92,169.43,0.878955,-1,-1,-1
110,-1,386.37,106.16,51.93,137.69,0.864585,-1,-1,-1
110,-1,520.09,106.51,51.57,142.15,0.801419,-1,-1,-1
111,-1,454.78,115.88,81.77,150.66,0.905186,-1,-1,-1
111,-1,307.11,94.43,56.97,167.93,0.887407,-1,-1,-1
111,-1,184.48,94.80,59.56,157.83,0.883301,-1,-1,-1
111,-1,588.58,99.53,50.92,168.06,0.866214,-1,-1,-1
111,-1,385.57,106.60,53.08,136.64,0.863749,-1,-1,-1
111,-1,518.73,106.37,51.82,142.25,0.783857,-1,-1,-1
111,-1,0.19,74.87,38.91,223.16,0.265722,-1,-1,-1
112,-1,453.99,116.35,81.74,149.90,0.899911,-1,-1,-1
112,-1,306.18,95.35,56.98,166.94,0.885346,-1,-1,-1
112,-1,184.41,94.91,58.81,157.49,0.881327,-1,-1,-1
112,-1,385.18,107.28,54.30,137.04,0.864214,-1,-1,-1
112,-1,591.81,99.73,48.06,168.68,0.859317,-1,-1,-1
112,-1,515.86,107.27,52.93,140.97,0.811217,-1,-1,-1
112,-1,0.18,75.13,38.75,220.94,0.273301,-1,-1,-1
113,-1,184.66,94.58,58.44,158.06,0.890642,-1,-1,-1
113,-1,305.22,97.01,57.31,165.28,0.887098,-1,-1,-1
113,-1,385.61,107.42,55.38,136.57,0.882554,-1,-1,-1
113,-1,454.42,114.96,80.13,150.79,0.874902,-1,-1,-1
113,-1,594.93,99.74,44.89,168.93,0.854473,-1,-1,-1
113,-1,513.47,109.07,52.46,138.13,0.788091,-1,-1,-1
114,-1,304.81,97.43,56.22,164.60,0.885594,-1,-1,-1
114,-1,453.71,114.72,79.82,151.84,0.884742,-1,-1,-1
114,-1,386.88,108.39,54.73,135.92,0.884616,-1,-1,-1
114,-1,185.61,94.64,58.15,157.74,0.880090,-1,-1,-1
114,-1,597.20,99.18,42.58,169.77,0.854185,-1,-1,-1
114,-1,509.21,109.79,56.45,139.35,0.828086,-1,-1,-1
115,-1,388.49,108.66,54.01,136.61,0.888774,-1,-1,-1
115,-1,185.70,94.70,58.98,157.45,0.888092,-1,-1,-1
115,-1,304.00,97.89,55.37,164.21,0.878632,-1,-1,-1
115,-1,453.33,114.08,72.62,151.61,0.855002,-1,-1,-1
115,-1,599.49,98.84,40.29,168.61,0.828758,-1,-1,-1
115,-1,506.44,110.75,59.02,139.27,0.811565,-1,-1,-1
116,-1,186.04,94.51,59.20,157.59,0.889937,-1,-1,-1
116,-1,386.69,108.57,58.46,137.33,0.866936,-1,-1,-1
116,-1,303.31,97.75,54.62,163.55,0.864821,-1,-1,-1
116,-1,451.05,113.97,70.78,150.32,0.840650,-1,-1,-1
116,-1,504.81,111.38,59.84,138.39,0.836763,-1,-1,-1
116,-1,601.51,98.46,38.31,165.88,0.822345,-1,-1,-1
117,-1,186.40,93.67,59.50,157.66,0.894269,-1,-1,-1
117,-1,447.87,113.43,67.62,151.23,0.875616,-1,-1,-1
117,-1,303.34,97.20,53.45,163.91,0.860409,-1,-1,-1
117,-1,387.69,108.59,56.23,137.17,0.841011,-1,-1,-1
117,-1,505.66,111.35,56.47,138.91,0.840251,-1,-1,-1
117,-1,604.08,97.58,35.72,167.44,0.829647,-1,-1,-1
118,-1,186.88,93.47,59.80,157.90,0.892015,-1,-1,-1
118,-1,303.19,96.35,52.79,162.48,0.864998,-1,-1,-1
118,-1,444.65,112.64,60.26,152.01,0.846608,-1,-1,-1
118,-1,388.95,108.41,58.41,137.68,0.836681,-1,-1,-1
118,-1,506.16,110.81,51.99,140.11,0.832679,-1,-1,-1
118,-1,607.57,96.44,32.08,167.66,0.798887,-1,-1,-1
118,-1,0.18,74.56,38.45,221.42,0.286981,-1,-1,-1
119,-1,188.11,92.89,59.92,158.34,0.884990,-1,-1,-1
119,-1,302.70,95.98,52.37,164.81,0.862700,-1,-1,-1
119,-1,505.52,110.49,51.05,140.23,0.846150,-1,-1,-1
119,-1,391.52,108.33,56.81,137.90,0.842868,-1,-1,-1
119,-1,443.40,112.46,52.92,151.57,0.832343,-1,-1,-1
119,-1,609.25,95.13,30.40,169.26,0.805530,-1,-1,-1
120,-1,188.95,92.79,58.63,158.42,0.897653,-1,-1,-1
120,-1,302.64,94.86,52.33,160.65,0.864751,-1,-1,-1
120,-1,441.07,112.59,46.27,151.27,0.853498,-1,-1,-1
120,-1,504.54,109.26,50.03,141.22,0.850124,-1,-1,-1
120,-1,393.81,108.48,51.57,137.70,0.845279,-1,-1,-1
120,-1,610.77,96.25,28.88,168.56,0.797820,-1,-1,-1
121,-1,189.81,92.92,58.80,158.18,0.890931,-1,-1,-1
121,-1,439.22,112.41,46.69,151.63,0.852400,-1,-1,-1
121,-1,302.48,94.08,51.70,159.69,0.851368,-1,-1,-1
121,-1,394.25,108.44,48.65,138.14,0.843951,-1,-1,-1
121,-1,503.25,108.82,50.29,141.35,0.834759,-1,-1,-1
121,-1,612.21,97.52,27.58,167.13,0.801706,-1,-1,-1
121,-1,0.17,75.29,39.12,223.43,0.275164,-1,-1,-1
122,-1,190.16,92.86,59.30,158.08,0.890518,-1,-1,-1
122,-1,395.53,108.35,46.66,138.03,0.854404,-1,-1,-1
122,-1,302.12,92.97,51.93,159.16,0.852935,-1,-1,-1
122,-1,436.62,113.31,46.34,151.26,0.846295,-1,-1,-1
122,-1,500.83,108.33,52.00,143.00,0.837386,-1,-1,-1
122,-1,614.97,99.77,24.81,164.59,0.804007,-1,-1,-1
122,-1,0.17,75.01,39.19,224.49,0.256778,-1,-1,-1
123,-1,191.43,93.15,59.08,157.95,0.883432,-1,-1,-1
123,-1,432.01,113.70,47.13,150.68,0.858451,-1,-1,-1
123,-1,301.00,92.79,52.09,164.01,0.836453,-1,-1,-1
123,-1,498.62,107.21,53.93,143.61,0.825632,-1,-1,-1
123,-1,396.91,108.56,43.80,138.40,0.824823,-1,-1,-1
123,-1,616.46,102.38,23.32,162.15,0.779114,-1,-1,-1
124,-1,191.85,93.31,58.42,157.65,0.891092,-1,-1,-1
124,-1,422.67,114.98,55.11,149.27,0.879571,-1,-1,-1
124,-1,299.96,92.45,52.17,163.93,0.853571,-1,-1,-1
124,-1,497.44,107.14,54.85,143.54,0.823507,-1,-1,-1
124,-1,397.58,108.78,43.25,140.26,0.816543,-1,-1,-1
124,-1,620.11,117.69,19.67,145.84,0.750076,-1,-1,-1
124,-1,0.19,75.43,39.32,224.67,0.254801,-1,-1,-1
125,-1,192.35,93.30,58.20,157.41,0.889038,-1,-1,-1
125,-1,298.44,91.93,52.03,164.50,0.870340,-1,-1,-1
125,-1,417.88,114.91,59.07,149.42,0.861419,-1,-1,-1
125,-1,496.48,108.15,54.46,142.04,0.812752,-1,-1,-1
125,-1,400.20,109.84,38.50,137.70,0.799971,-1,-1,-1
125,-1,622.70,126.30,17.07,136.49,0.741177,-1,-1,-1
125,-1,0.17,75.43,38.99,221.69,0.253266,-1,-1,-1
126,-1,192.63,93.03,58.44,157.24,0.890767,-1,-1,-1
126,-1,297.35,91.99,51.62,165.25,0.874797,-1,-1,-1
126,-1,415.07,116.29,61.43,147.55,0.870225,-1,-1,-1
126,-1,493.32,108.33,54.93,143.30,0.797212,-1,-1,-1
126,-1,398.81,109.65,40.22,137.64,0.757313,-1,-1,-1
126,-1,625.37,128.15,14.43,135.00,0.642262,-1,-1,-1
126,-1,0.17,75.67,39.30,223.42,0.262200,-1,-1,-1
127,-1,193.00,92.84,58.49,157.23,0.890135,-1,-1,-1
127,-1,295.95,92.57,53.17,165.36,0.854492,-1,-1,-1
127,-1,412.89,116.76,63.39,146.58,0.852972,-1,-1,-1
127,-1,487.79,108.82,58.32,144.11,0.835030,-1,-1,-1
127,-1,398.27,109.78,39.58,135.70,0.727579,-1,-1,-1
127,-1,627.45,128.54,12.38,132.56,0.458964,-1,-1,-1
127,-1,0.17,75.64,39.29,223.76,0.277514,-1,-1,-1
128,-1,192.88,92.99,58.13,156.86,0.891884,-1,-1,-1
128,-1,291.35,92.90,57.23,164.49,0.854197,-1,-1,-1
128,-1,409.10,116.65,67.14,146.89,0.840471,-1,-1,-1
128,-1,484.77,109.34,59.52,143.31,0.815690,-1,-1,-1
128,-1,398.67,111.03,38.03,127.55,0.640758,-1,-1,-1
128,-1,629.26,131.51,10.58,129.43,0.361466,-1,-1,-1
128,-1,0.16,74.81,38.83,221.37,0.252200,-1,-1,-1
129,-1,192.91,92.96,58.14,156.46,0.888031,-1,-1,-1
129,-1,284.03,92.66,64.32,164.12,0.870761,-1,-1,-1
129,-1,403.37,115.27,71.08,148.25,0.788812,-1,-1,-1
129,-1,483.78,110.46,59.28,141.91,0.776679,-1,-1,-1
129,-1,398.25,109.72,39.23,110.11,0.341358,-1,-1,-1
129,-1,0.17,76.05,39.25,222.04,0.277190,-1,-1,-1
130,-1,193.25,93.04,57.71,155.72,0.889855,-1,-1,-1
130,-1,279.77,92.54,68.34,164.32,0.874579,-1,-1,-1
130,-1,480.70,110.85,61.39,142.11,0.833791,-1,-1,-1
130,-1,405.90,116.87,66.38,146.32,0.822411,-1,-1,-1
130,-1,398.41,110.15,38.60,98.88,0.361274,-1,-1,-1
130,-1,0.16,74.69,39.15,225.27,0.286823,-1,-1,-1
131,-1,193.12,93.22,57.44,155.39,0.889690,-1,-1,-1
131,-1,274.11,92.82,73.24,163.88,0.883020,-1,-1,-1
131,-1,403.80,116.22,62.28,146.56,0.850228,-1,-1,-1
131,-1,478.02,111.33,61.18,142.44,0.816806,-1,-1,-1
131,-1,0.17,74.32,36.73,221.21,0.306913,-1,-1,-1
131,-1,398.94,110.38,36.39,91.10,0.259107,-1,-1,-1
132,-1,193.26,93.18,57.02,154.82,0.890339,-1,-1,-1
132,-1,270.74,93.02,74.69,163.49,0.880337,-1,-1,-1
132,-1,405.05,114.80,54.51,146.76,0.833988,-1,-1,-1
132,-1,476.71,111.69,59.53,142.21,0.800549,-1,-1,-1
132,-1,0.18,74.10,38.50,226.40,0.407998,-1,-1,-1
132,-1,0.18,73.50,36.98,136.98,0.355688,-1,-1,-1
133,-1,193.27,92.46,56.24,155.28,0.888994,-1,-1,-1
133,-1,271.30,93.78,73.59,162.51,0.873246,-1,-1,-1
133,-1,401.29,111.94,51.81,148.72,0.815271,-1,-1,-1
133,-1,475.60,112.31,58.56,141.11,0.772228,-1,-1,-1
133,-1,0.13,73.79,42.78,135.99,0.392859,-1,-1,-1
133,-1,0.18,74.69,43.01,229.01,0.380385,-1,-1,-1
134,-1,193.01,92.77,56.30,155.75,0.886537,-1,-1,-1
134,-1,271.15,93.91,70.94,162.56,0.871557,-1,-1,-1
134,-1,399.87,110.81,50.47,150.09,0.841635,-1,-1,-1
134,-1,473.00,110.67,59.38,143.77,0.751600,-1,-1,-1
134,-1,0.13,75.57,47.04,132.55,0.322221,-1,-1,-1
134,-1,0.17,74.83,46.64,226.10,0.305280,-1,-1,-1
135,-1,193.08,92.40,55.14,155.76,0.885719,-1,-1,-1
135,-1,270.61,94.93,69.87,161.71,0.876811,-1,-1,-1
135,-1,399.38,109.34,50.31,151.58,0.828228,-1,-1,-1
135,-1,470.85,110.49,58.51,143.79,0.772132,-1,-1,-1
135,-1,0.12,117.89,50.86,88.52,0.299368,-1,-1,-1
135,-1,0.37,120.74,50.89,165.63,0.297260,-1,-1,-1
136,-1,192.73,92.54,54.93,155.35,0.888278,-1,-1,-1
136,-1,269.49,95.13,68.89,161.21,0.874819,-1,-1,-1
136,-1,467.17,110.88,61.25,143.01,0.846704,-1,-1,-1
136,-1,398.00,108.52,55.35,152.01,0.835500,-1,-1,-1
136,-1,0.52,118.97,52.75,167.89,0.599852,-1,-1,-1
137,-1,191.75,92.81,55.21,155.19,0.885951,-1,-1,-1
137,-1,269.92,93.94,65.70,162.17,0.884186,-1,-1,-1
137,-1,394.88,108.13,58.35,152.03,0.815992,-1,-1,-1
137,-1,465.42,110.78,61.23,143.17,0.813545,-1,-1,-1
137,-1,0.95,116.29,52.66,172.61,0.552184,-1,-1,-1
138,-1,191.32,92.89,54.47,154.97,0.890321,-1,-1,-1
138,-1,269.36,94.71,65.00,161.21,0.875267,-1,-1,-1
138,-1,463.21,110.56,61.66,143.47,0.820655,-1,-1,-1
138,-1,392.32,108.02,62.37,152.08,0.805701,-1,-1,-1
138,-1,0.87,114.53,53.10,172.07,0.669250,-1,-1,-1
139,-1,190.80,92.88,54.82,155.06,0.896515,-1,-1,-1
139,-1,269.83,96.20,63.52,159.81,0.875138,-1,-1,-1
139,-1,1.51,114.62,51.72,174.49,0.754107,-1,-1,-1
139,-1,463.71,110.93,52.77,143.10,0.738564,-1,-1,-1
139,-1,384.50,108.65,69.89,150.51,0.709765,-1,-1,-1
139,-1,428.74,110.23,26.78,141.61,0.282435,-1,-1,-1
140,-1,190.60,92.74,54.42,155.17,0.898369,-1,-1,-1
140,-1,271.13,96.11,61.84,159.81,0.877171,-1,-1,-1
140,-1,376.22,113.05,65.82,147.36,0.840705,-1,-1,-1
140,-1,462.57,111.18,48.86,145.08,0.716538,-1,-1,-1
140,-1,6.25,110.77,46.15,177.72,0.689275,-1,-1,-1
140,-1,424.78,110.81,30.99,141.90,0.577107,-1,-1,-1
141,-1,189.63,92.27,54.67,155.45,0.890509,-1,-1,-1
141,-1,272.50,103.78,59.65,151.95,0.872082,-1,-1,-1
141,-1,370.23,113.40,69.22,147.32,0.857714,-1,-1,-1
141,-1,417.74,108.43,38.50,145.92,0.744877,-1,-1,-1
141,-1,8.48,107.73,43.21,180.65,0.710896,-1,-1,-1
141,-1,463.01,111.82,45.17,144.80,0.661627,-1,-1,-1
141,-1,426.75,111.14,27.31,142.33,0.310067,-1,-1,-1
142,-1,189.22,91.75,54.04,156.07,0.889215,-1,-1,-1
142,-1,365.64,114.49,66.32,145.71,0.880922,-1,-1,-1
142,-1,271.90,96.88,59.18,158.52,0.855646,-1,-1,-1
142,-1,418.13,109.25,36.95,145.55,0.782290,-1,-1,-1
142,-1,462.44,112.59,44.86,143.31,0.747893,-1,-1,-1
142,-1,14.13,109.47,41.60,178.63,0.714190,-1,-1,-1
143,-1,188.36,91.37,53.71,156.36,0.885228,-1,-1,-1
143,-1,364.05,115.48,66.37,144.90,0.884998,-1,-1,-1
143,-1,268.24,94.54,61.33,160.61,0.863507,-1,-1,-1
143,-1,416.49,110.02,39.00,143.44,0.806530,-1,-1,-1
143,-1,16.09,112.05,45.78,171.56,0.766167,-1,-1,-1
143,-1,462.07,113.13,45.54,142.83,0.737463,-1,-1,-1
144,-1,364.68,116.43,65.59,144.03,0.897668,-1,-1,-1
144,-1,187.81,92.21,53.58,155.48,0.887653,-1,-1,-1
144,-1,266.09,94.41,60.45,160.71,0.856867,-1,-1,-1
144,-1,415.19,110.61,40.37,143.44,0.836441,-1,-1,-1
144,-1,461.02,113.15,52.73,142.50,0.713418,-1,-1,-1
144,-1,19.72,113.31,46.21,170.99,0.686442,-1,-1,-1
145,-1,186.98,92.53,54.01,154.95,0.881124,-1,-1,-1
145,-1,364.55,116.76,64.66,143.55,0.876353,-1,-1,-1
145,-1,266.03,95.95,59.47,158.49,0.843617,-1,-1,-1
145,-1,20.72,113.20,67.85,173.86,0.807742,-1,-1,-1
145,-1,412.92,111.17,42.81,143.51,0.787932,-1,-1,-1
145,-1,460.80,113.45,53.16,142.77,0.720679,-1,-1,-1
146,-1,186.44,92.36,54.21,155.26,0.891623,-1,-1,-1
146,-1,364.18,115.04,64.43,145.15,0.876467,-1,-1,-1
146,-1,265.20,92.98,58.94,161.14,0.847373,-1,-1,-1
146,-1,24.56,114.78,72.92,173.32,0.818409,-1,-1,-1
146,-1,411.79,110.85,45.29,144.93,0.817456,-1,-1,-1
146,-1,459.93,113.57,55.41,143.10,0.766266,-1,-1,-1
146,-1,0.27,70.42,35.10,216.33,0.291831,-1,-1,-1
147,-1,186.07,92.19,53.83,155.29,0.892710,-1,-1,-1
147,-1,264.03,92.45,56.10,161.36,0.862673,-1,-1,-1
147,-1,363.93,114.19,63.30,146.02,0.861357,-1,-1,-1
147,-1,18.54,113.84,84.57,174.64,0.858783,-1,-1,-1
147,-1,410.03,111.28,49.16,144.98,0.813846,-1,-1,-1
147,-1,459.31,113.41,55.24,142.78,0.809081,-1,-1,-1
147,-1,0.25,71.95,30.20,209.27,0.340582,-1,-1,-1
148,-1,185.67,91.57,54.18,155.71,0.886495,-1,-1,-1
148,-1,18.94,115.20,89.22,173.21,0.875230,-1,-1,-1
148,-1,263.26,92.47,54.65,161.63,0.871667,-1,-1,-1
148,-1,363.70,114.46,60.82,145.23,0.850807,-1,-1,-1
148,-1,409.81,111.80,48.65,144.77,0.829752,-1,-1,-1
148,-1,459.25,113.31,52.44,143.74,0.756414,-1,-1,-1
148,-1,0.21,76.28,28.68,206.08,0.315842,-1,-1,-1
149,-1,185.78,90.83,53.87,156.61,0.888007,-1,-1,-1
149,-1,18.91,115.46,89.83,173.98,0.876846,-1,-1,-1
149,-1,263.01,92.61,53.39,161.48,0.875910,-1,-1,-1
149,-1,408.49,112.38,49.47,144.20,0.850768,-1,-1,-1
149,-1,363.11,114.17,60.26,145.30,0.848129,-1,-1,-1
149,-1,456.89,113.01,54.90,144.63,0.760131,-1,-1,-1
149,-1,0.21,75.04,28.69,206.97,0.296345,-1,-1,-1
150,-1,185.24,88.00,54.28,159.14,0.883381,-1,-1,-1
150,-1,25.81,114.36,84.80,175.61,0.871397,-1,-1,-1
150,-1,262.34,91.48,53.32,162.25,0.869439,-1,-1,-1
150,-1,408.72,112.36,48.90,143.53,0.865286,-1,-1,-1
150,-1,362.21,113.79,56.48,142.47,0.832353,-1,-1,-1
150,-1,455.77,112.10,55.56,144.61,0.780989,-1,-1,-1
150,-1,0.16,74.73,30.04,207.29,0.252260,-1,-1,-1
151,-1,185.45,90.94,54.03,155.99,0.880996,-1,-1,-1
151,-1,407.77,112.52,49.76,143.01,0.876092,-1,-1,-1
151,-1,261.94,91.64,52.43,161.39,0.875484,-1,-1,-1
151,-1,30.56,114.47,80.68,173.02,0.874815,-1,-1,-1
151,-1,360.74,113.07,52.04,142.33,0.837566,-1,-1,-1
151,-1,455.01,111.56,55.40,144.86,0.729278,-1,-1,-1
152,-1,30.57,113.65,80.18,175.36,0.889565,-1,-1,-1
152,-1,184.98,89.09,54.18,158.25,0.874642,-1,-1,-1
152,-1,260.81,91.82,52.73,161.79,0.866209,-1,-1,-1
152,-1,408.48,112.45,48.90,143.51,0.859364,-1,-1,-1
152,-1,357.86,112.03,49.22,143.55,0.825387,-1,-1,-1
152,-1,455.02,110.38,46.14,146.89,0.683472,-1,-1,-1
153,-1,39.80,113.03,71.00,172.48,0.902851,-1,-1,-1
153,-1,184.97,89.10,54.06,158.17,0.875904,-1,-1,-1
153,-1,259.81,91.38,53.09,161.89,0.868755,-1,-1,-1
153,-1,356.44,112.19,47.37,143.18,0.836645,-1,-1,-1
153,-1,408.97,112.35,48.04,143.93,0.824251,-1,-1,-1
153,-1,453.35,110.15,53.75,147.10,0.661403,-1,-1,-1
153,-1,0.22,74.42,31.75,205.77,0.266260,-1,-1,-1
154,-1,185.03,90.10,53.78,156.88,0.884846,-1,-1,-1
154,-1,48.50,111.97,63.63,171.88,0.854217,-1,-1,-1
154,-1,259.48,91.59,52.37,162.13,0.853894,-1,-1,-1
154,-1,353.98,112.15,46.29,142.78,0.849503,-1,-1,-1
154,-1,410.05,112.16,44.52,144.13,0.787419,-1,-1,-1
154,-1,452.69,109.95,53.53,146.51,0.620434,-1,-1,-1
154,-1,0.40,70.92,33.37,206.59,0.337415,-1,-1,-1
155,-1,184.85,91.34,54.10,155.51,0.884291,-1,-1,-1
155,-1,259.45,91.80,52.04,162.46,0.854751,-1,-1,-1
155,-1,352.37,112.10,45.38,143.39,0.828692,-1,-1,-1
155,-1,59.65,110.86,55.59,172.40,0.822396,-1,-1,-1
155,-1,410.59,111.92,43.00,143.40,0.793685,-1,-1,-1
155,-1,451.94,109.79,42.89,147.31,0.664640,-1,-1,-1
155,-1,0.35,74.01,33.92,205.53,0.275564,-1,-1,-1
156,-1,185.20,88.90,54.02,157.92,0.884683,-1,-1,-1
156,-1,259.85,91.81,51.07,162.29,0.854648,-1,-1,-1
156,-1,69.79,111.05,52.17,172.89,0.841286,-1,-1,-1
156,-1,350.28,112.04,45.58,143.36,0.833837,-1,-1,-1
156,-1,411.12,112.21,41.40,143.28,0.794346,-1,-1,-1
156,-1,449.83,109.77,43.14,148.34,0.688004,-1,-1,-1
156,-1,0.32,74.93,34.48,204.06,0.311181,-1,-1,-1
157,-1,185.16,89.41,54.16,157.47,0.884291,-1,-1,-1
157,-1,76.09,110.75,50.75,172.80,0.854510,-1,-1,-1
157,-1,259.27,92.18,51.11,162.09,0.853124,-1,-1,-1
157,-1,348.74,112.18,45.42,143.27,0.824593,-1,-1,-1
157,-1,409.42,112.12,42.94,144.57,0.796311,-1,-1,-1
157,-1,449.37,110.39,47.34,147.32,0.648974,-1,-1,-1
157,-1,0.37,74.62,34.42,204.11,0.261243,-1,-1,-1
158,-1,185.39,89.11,54.09,157.72,0.885230,-1,-1,-1
158,-1,259.19,91.99,50.49,162.45,0.848075,-1,-1,-1
158,-1,80.19,110.95,50.44,173.28,0.841411,-1,-1,-1
158,-1,348.41,112.73,44.13,143.25,0.812920,-1,-1,-1
158,-1,406.40,112.50,45.79,143.67,0.786010,-1,-1,-1
158,-1,449.46,111.19,48.81,147.88,0.711057,-1,-1,-1
158,-1,0.28,74.68,33.75,204.82,0.297840,-1,-1,-1
159,-1,185.55,90.13,54.23,156.80,0.885006,-1,-1,-1
159,-1,259.28,93.23,49.99,160.95,0.840680,-1,-1,-1
159,-1,83.47,111.15,55.33,172.75,0.827364,-1,-1,-1
159,-1,345.37,113.30,45.77,142.22,0.820131,-1,-1,-1
159,-1,404.46,113.04,46.82,143.82,0.762958,-1,-1,-1
159,-1,448.61,110.90,53.39,149.03,0.749505,-1,-1,-1
159,-1,0.25,74.76,34.19,204.14,0.269118,-1,-1,-1
160,-1,185.83,89.97,53.95,157.03,0.891792,-1,-1,-1
160,-1,259.65,92.88,49.28,161.34,0.846843,-1,-1,-1
160,-1,87.16,112.55,65.58,171.33,0.836652,-1,-1,-1
160,-1,344.05,113.99,45.39,141.40,0.821239,-1,-1,-1
160,-1,447.46,112.05,52.82,148.31,0.765191,-1,-1,-1
160,-1,403.03,113.49,47.19,144.20,0.751832,-1,-1,-1
160,-1,0.23,75.52,33.83,204.36,0.257403,-1,-1,-1
161,-1,185.90,90.13,53.80,157.13,0.887877,-1,-1,-1
161,-1,88.36,113.25,75.70,170.83,0.870538,-1,-1,-1
161,-1,260.45,92.68,48.02,161.41,0.855182,-1,-1,-1
161,-1,342.37,114.95,45.39,140.48,0.824586,-1,-1,-1
161,-1,445.51,111.13,58.02,148.14,0.803969,-1,-1,-1
161,-1,400.82,114.34,48.74,144.05,0.793038,-1,-1,-1
162,-1,186.04,90.06,53.55,156.91,0.889879,-1,-1,-1
162,-1,88.39,113.80,82.37,170.01,0.868240,-1,-1,-1
162,-1,340.81,115.33,45.66,139.58,0.838866,-1,-1,-1
162,-1,260.75,92.15,47.35,161.34,0.837144,-1,-1,-1
162,-1,442.97,110.70,52.88,148.67,0.818763,-1,-1,-1
162,-1,399.72,114.51,49.88,143.84,0.795177,-1,-1,-1
163,-1,87.67,115.77,89.73,167.85,0.917207,-1,-1,-1
163,-1,185.92,90.22,53.80,156.78,0.892086,-1,-1,-1
163,-1,338.51,115.28,46.63,139.68,0.850086,-1,-1,-1
163,-1,261.22,91.90,47.14,161.42,0.838536,-1,-1,-1
163,-1,398.59,114.64,51.59,144.25,0.799979,-1,-1,-1
163,-1,440.03,110.75,52.16,149.88,0.780789,-1,-1,-1
163,-1,0.15,74.85,38.83,222.15,0.289793,-1,-1,-1
164,-1,88.34,115.87,89.47,167.54,0.901055,-1,-1,-1
164,-1,186.12,91.53,53.58,155.39,0.894321,-1,-1,-1
164,-1,261.16,90.78,47.29,162.25,0.847340,-1,-1,-1
164,-1,337.13,114.75,47.66,140.65,0.843389,-1,-1,-1
164,-1,398.36,113.82,49.74,145.58,0.818766,-1,-1,-1
164,-1,436.78,110.04,55.17,150.49,0.776912,-1,-1,-1
164,-1,0.17,74.76,33.91,206.37,0.273961,-1,-1,-1
165,-1,88.95,114.92,89.79,168.61,0.902208,-1,-1,-1
165,-1,186.41,91.19,53.11,156.04,0.891789,-1,-1,-1
165,-1,261.35,90.06,47.28,162.14,0.851168,-1,-1,-1
165,-1,396.74,113.01,51.68,146.83,0.829745,-1,-1,-1
165,-1,435.20,109.49,56.84,151.07,0.825525,-1,-1,-1
165,-1,335.72,113.98,47.97,141.41,0.822242,-1,-1,-1
166,-1,88.95,114.82,90.08,168.25,0.895871,-1,-1,-1
166,-1,186.00,92.06,53.87,154.75,0.891435,-1,-1,-1
166,-1,394.94,112.71,51.35,146.78,0.848412,-1,-1,-1
166,-1,261.08,89.07,47.64,162.01,0.847644,-1,-1,-1
166,-1,433.78,108.40,58.93,152.49,0.833692,-1,-1,-1
166,-1,334.71,113.70,46.86,141.77,0.813315,-1,-1,-1
167,-1,94.43,113.33,84.90,169.55,0.891549,-1,-1,-1
167,-1,186.34,88.47,53.32,158.48,0.881686,-1,-1,-1
167,-1,261.11,89.03,47.51,160.39,0.858433,-1,-1,-1
167,-1,393.29,112.38,51.08,146.40,0.823484,-1,-1,-1
167,-1,432.49,107.68,58.40,153.09,0.815126,-1,-1,-1
167,-1,334.15,112.83,46.10,142.33,0.807384,-1,-1,-1
167,-1,0.17,74.29,38.81,223.82,0.257514,-1,-1,-1
168,-1,100.29,111.70,80.15,170.72,0.891332,-1,-1,-1
168,-1,186.10,88.91,53.85,158.24,0.876459,-1,-1,-1
168,-1,260.94,87.54,47.36,161.82,0.845934,-1,-1,-1
168,-1,431.77,107.87,59.77,153.17,0.823486,-1,-1,-1
168,-1,332.56,111.40,46.71,140.63,0.819377,-1,-1,-1
168,-1,391.45,110.85,49.19,147.79,0.801437,-1,-1,-1
169,-1,186.63,88.15,53.25,159.01,0.876099,-1,-1,-1
169,-1,106.45,111.26,75.98,168.29,0.870148,-1,-1,-1
169,-1,260.45,87.35,47.23,161.01,0.853397,-1,-1,-1
169,-1,331.40,111.34,46.98,138.64,0.844080,-1,-1,-1
169,-1,430.20,108.06,61.29,153.85,0.823218,-1,-1,-1
169,-1,389.19,110.04,48.00,149.13,0.800892,-1,-1,-1
170,-1,115.01,109.57,68.12,168.26,0.892817,-1,-1,-1
170,-1,186.12,90.90,53.47,156.11,0.876873,-1,-1,-1
170,-1,260.04,87.37,47.53,161.23,0.855850,-1,-1,-1
170,-1,330.04,110.79,47.37,138.90,0.843681,-1,-1,-1
170,-1,387.03,109.79,46.45,150.15,0.809088,-1,-1,-1
170,-1,430.54,108.38,57.89,153.11,0.790689,-1,-1,-1
171,-1,186.22,89.64,53.67,157.14,0.872845,-1,-1,-1
171,-1,122.72,108.60,62.50,168.84,0.867504,-1,-1,-1
171,-1,327.25,110.33,49.57,139.69,0.859188,-1,-1,-1
171,-1,259.18,87.36,48.29,161.66,0.846907,-1,-1,-1
171,-1,385.58,109.92,45.53,150.46,0.823495,-1,-1,-1
171,-1,428.73,109.70,55.37,153.67,0.745383,-1,-1,-1
172,-1,186.64,89.16,53.24,157.73,0.871911,-1,-1,-1
172,-1,133.23,107.82,52.39,169.34,0.850030,-1,-1,-1
172,-1,327.15,110.42,48.51,139.26,0.849748,-1,-1,-1
172,-1,258.41,87.38,48.52,161.21,0.847669,-1,-1,-1
172,-1,384.75,110.22,45.62,150.13,0.830221,-1,-1,-1
172,-1,425.34,109.36,58.94,153.27,0.783163,-1,-1,-1
173,-1,186.87,89.70,53.06,157.15,0.869303,-1,-1,-1
173,-1,256.99,87.36,49.20,161.72,0.844188,-1,-1,-1
173,-1,383.81,111.34,45.28,147.87,0.842627,-1,-1,-1
173,-1,325.51,109.90,49.36,139.86,0.837875,-1,-1,-1
173,-1,140.35,105.84,48.67,171.64,0.784016,-1,-1,-1
173,-1,423.22,110.16,58.72,152.17,0.764365,-1,-1,-1
174,-1,186.50,91.13,53.43,155.64,0.864278,-1,-1,-1
174,-1,325.69,109.70,48.60,139.90,0.850260,-1,-1,-1
174,-1,256.26,87.13,48.80,161.82,0.844900,-1,-1,-1
174,-1,383.50,111.91,44.71,147.97,0.840289,-1,-1,-1
174,-1,425.20,110.27,58.06,154.04,0.814933,-1,-1,-1
174,-1,144.83,106.23,48.14,171.01,0.744809,-1,-1,-1
175,-1,188.30,90.86,51.65,156.23,0.857206,-1,-1,-1
175,-1,382.27,112.24,45.76,149.05,0.850091,-1,-1,-1
175,-1,255.70,86.81,48.82,161.90,0.846403,-1,-1,-1
175,-1,324.60,108.91,48.50,140.59,0.839770,-1,-1,-1
175,-1,424.27,110.72,58.88,153.01,0.827112,-1,-1,-1
175,-1,147.96,107.73,48.94,169.13,0.816526,-1,-1,-1
176,-1,422.74,110.25,57.32,154.33,0.854719,-1,-1,-1
176,-1,379.71,113.01,47.19,148.16,0.849101,-1,-1,-1
176,-1,187.99,89.34,51.86,157.76,0.847355,-1,-1,-1
176,-1,321.39,108.15,50.75,141.32,0.845533,-1,-1,-1
176,-1,255.47,87.18,48.51,161.84,0.839923,-1,-1,-1
176,-1,149.50,108.47,50.21,168.81,0.826072,-1,-1,-1
176,-1,0.18,75.02,38.85,220.45,0.260024,-1,-1,-1
177,-1,422.83,109.39,57.45,155.58,0.858541,-1,-1,-1
177,-1,318.24,108.71,52.81,140.61,0.848789,-1,-1,-1
177,-1,149.82,109.56,57.75,168.11,0.846661,-1,-1,-1
177,-1,192.29,91.21,47.49,155.19,0.846249,-1,-1,-1
177,-1,255.70,87.16,47.22,161.64,0.842640,-1,-1,-1
177,-1,377.24,113.31,48.54,149.08,0.841510,-1,-1,-1
178,-1,147.55,110.59,67.88,166.56,0.878586,-1,-1,-1
178,-1,317.34,110.17,52.75,138.69,0.850589,-1,-1,-1
178,-1,255.43,87.02,47.15,161.61,0.841173,-1,-1,-1
178,-1,422.06,108.75,55.54,156.28,0.839101,-1,-1,-1
178,-1,195.79,89.32,44.04,158.04,0.838652,-1,-1,-1
178,-1,374.51,113.24,50.28,149.56,0.809524,-1,-1,-1
178,-1,0.22,73.63,33.58,205.98,0.257967,-1,-1,-1
179,-1,146.64,114.05,72.67,162.00,0.865129,-1,-1,-1
179,-1,255.50,88.09,47.21,160.53,0.846110,-1,-1,-1
179,-1,316.53,109.95,51.48,138.42,0.839878,-1,-1,-1
179,-1,419.94,108.00,55.97,156.86,0.826591,-1,-1,-1
179,-1,199.06,88.98,40.77,158.47,0.810955,-1,-1,-1
179,-1,371.43,113.40,50.74,149.22,0.809513,-1,-1,-1
179,-1,0.22,74.12,34.55,204.30,0.257924,-1,-1,-1
